0 0.633987
0 1
0 1
0 1
0 1
0 1
0 1
0 1
0 1
0 1
0 1
0 1
0 1
0 1
0 1
0 1
0 1
0 1
0 1
0 1
0 1
0 1
0 1
0 1
0 1
0 1
0 0.973856
0 0.930283
0 0.895425
0 0.877996
0 0.877996
0 0.882353
0 0.904139
0 0.934641
0 0.978213
0 1
0 1
0 1
0 1
0 1
0 1
0 1
0 1
0 1
0 1
0.203704 1
0.559259 1
0.959259 1
1.211111 1
1.433333 1
1.566667 1
1.655556 1
1.655556 1
1.640741 1
1.640741 1
1.625926 1
1.27037 1
0.52963 1
0 1
0 1
0 1
0 1
0 1
0 1
0 1
0.277778 1
0.988889 1
1.7 1
1.7 1
1.7 1
1.7 1
1.7 1
1.7 1
1.7 1
1.7 1
1.418519 1
0.781482 1
0 0.834423
0 0.734205
0 0.546841
0 0.333333
0 0.132898
-0.574074 0.124183
-1.211111 0.372549
-1.477778 0.594771
-1.492593 0.668845
-1.566667 0.747277
-1.566667 0.760349
-1.492593 0.734205
-1.196296 0.660131
-0.855556 0.555556
-0.277778 0.398693
0 0.154684
-0.825926 0.124183
-0.825926 0.215686
-0.825926 0.324619
-0.825926 0.424837
-0.825926 0.472767
-0.840741 0.529412
-0.974074 0.559913
-1.033333 0.572985
-1.107407 0.577342
-1.122222 0.581699
-1.137037 0.581699
-1.166667 0.577342
-1.211111 0.555556
-1.240741 0.472767
-1.314815 0.381264
-1.388889 0.272331
-1.448148 0.172113
-1.492593 0.106754
-1.507407 0.028322
-1.7 0.050109
-1.7 0.12854
-1.7 0.1939
-1.7 0.272331
-1.7 0.342048
-1.7 0.40305
-1.7 0.437909
-1.7 0.464052
-1.7 0.485839
-1.7 0.494553
-1.7 0.494553
-1.7 0.490196
-1.7 0.45098
-1.7 0.407407
-1.7 0.333333
-1.7 0.237473
-1.7 0.154684
-1.7 0.084967
-1.7 0.08061
-1.7 0.189543
-1.7 0.272331
-1.7 0.372549
-1.7 0.446623
-1.7 0.503268
-1.7 0.546841
-1.7 0.559913
-1.7 0.56427
-1.685185 0.568627
-1.655556 0.568627
-1.655556 0.572985
-1.640741 0.577342
-1.625926 0.577342
-1.625926 0.581699
-1.611111 0.581699
-1.596296 0.586057
-1.581482 0.586057
-1.581482 0.586057
-1.581482 0.586057
-1.492593 0.586057
-1.477778 0.590414
-1.477778 0.590414
-1.477778 0.590414
-1.492593 0.594771
-1.492593 0.594771
-1.477778 0.594771
-1.477778 0.594771
-1.462963 0.594771
-1.433333 0.594771
-1.418519 0.594771
-1.418519 0.599129
-1.403704 0.594771
-1.388889 0.594771
-1.403704 0.594771
-1.388889 0.590414
-1.388889 0.590414
-1.314815 0.586057
-1.196296 0.577342
-1.003704 0.56427
-0.677778 0.551198
-0.277778 0.529412
0 0.51634
0 0.503268
0 0.494553
0 0.490196
0 0.494553
0 0.503268
0 0.520697
0 0.546841
0 0.572985
0 0.590414
0 0.603486
0 0.607843
0 0.6122
0 0.6122
0 0.6122
0 0.6122
0 0.599129
0 0.581699
0 0.546841
0 0.459695
0 0.333333
0 0.1939
0 0.119826
0 0.119826
0 0.111111
0 0.084967
0 0.063181
0 0.054466
0 0.054466
0 0.054466
0.055556 0.045752
1.7 0.006536
1.7 0.006536
1.522222 0.006536
1.255556 0.006536
1.137037 0.019608
1.137037 0.058824
1.137037 0.111111
1.122222 0.145969
1.137037 0.176471
1.137037 0.263617
1.137037 0.359477
1.3 0.446623
1.433333 0.507625
1.625926 0.551198
1.7 0.568627
1.7 0.577342
1.7 0.586057
1.7 0.586057
1.7 0.586057
1.7 0.586057
1.7 0.590414
1.7 0.581699
1.7 0.577342
1.7 0.559913
1.7 0.525055
1.7 0.485839
1.7 0.459695
1.7 0.455338
1.7 0.459695
1.7 0.46841
1.7 0.481482
1.7 0.503268
1.7 0.520697
1.7 0.542484
1.7 0.56427
1.7 0.577342
1.7 0.6122
1.7 0.668845
1.7 0.72549
1.7 0.79085
1.7 0.808279
1.7 0.816993
1.7 0.821351
1.7 0.825708
1.7 0.830065
1.7 0.830065
1.7 0.830065
1.7 0.830065
1.7 0.825708
1.7 0.821351
1.7 0.816993
1.7 0.812636
1.7 0.808279
1.7 0.799564
1.7 0.786492
1.7 0.773421
1.7 0.755991
1.7 0.734205
1.7 0.729847
1.7 0.72549
1.7 0.721133
1.7 0.716776
1.7 0.708061
1.448148 0.690632
1.092593 0.660131
0.914815 0.642702
0.692593 0.62963
0.337037 0.620915
0.025926 0.607843
0 0.590414
0 0.577342
0 0.572985
0 0.568627
0 0.568627
0 0.568627
0 0.568627
0 0.568627
0 0.572985
0 0.572985
0 0.577342
0 0.572985
0 0.577342
0 0.572985
0 0.577342
0 0.572985
0 0.577342
0 0.577342
0 0.572985
0 0.572985
0 0.577342
0 0.572985
0 0.572985
0 0.577342
0 0.572985
0 0.572985
0 0.577342
0 0.572985
0 0.572985
0 0.572985
0 0.572985
0 0.572985
0 0.572985
0.055556 0.572985
0.203704 0.572985
0.351852 0.572985
0.440741 0.572985
0.574074 0.572985
0.662963 0.572985
0.751852 0.572985
0.796296 0.572985
0.92963 0.572985
1.018519 0.572985
1.107407 0.572985
1.196296 0.572985
1.240741 0.572985
1.255556 0.572985
1.27037 0.572985
1.255556 0.572985
1.255556 0.572985
1.225926 0.572985
1.181482 0.572985
1.077778 0.577342
1.033333 0.572985
0.974074 0.572985
0.840741 0.577342
0.52963 0.572985
0.203704 0.572985
0.040741 0.572985
0.025926 0.572985
0.025926 0.577342
0.011111 0.572985
0.025926 0.577342
0.040741 0.572985
0.07037 0.577342
0.203704 0.572985
0.396296 0.577342
0.52963 0.577342
0.751852 0.572985
0.944444 0.572985
1.062963 0.577342
1.181482 0.577342
1.211111 0.572985
1.211111 0.572985
1.225926 0.572985
1.240741 0.572985
1.240741 0.572985
1.27037 0.572985
1.255556 0.568627
1.27037 0.56427
1.27037 0.555556
1.211111 0.533769
1.166667 0.511983
1.107407 0.485839
1.107407 0.46841
1.107407 0.433551
1.107407 0.411765
1.107407 0.394336
1.107407 0.368192
1.107407 0.333333
1.107407 0.281046
1.107407 0.228758
1.107407 0.176471
1.122222 0.141612
1.107407 0.111111
1.107407 0.08061
1.107407 0.063181
1.122222 0.071895
1.151852 0.03268
1.151852 0.015251
1.151852 0.010893
1.166667 0.002179
1.166667 0.006536
1.151852 0.006536
1.151852 0.010893
1.092593 0.015251
0.811111 0.076253
0.366667 0.198257
0 0.328976
0 0.420479
0 0.51634
0 0.572985
0 0.607843
0 0.633987
0 0.647059
0 0.655773
0 0.655773
0 0.655773
0 0.655773
-0.188889 0.651416
-0.307407 0.647059
-0.485185 0.638344
-0.707407 0.62963
-0.840741 0.620915
-0.9 0.607843
-0.944444 0.594771
-0.959259 0.586057
-0.974074 0.572985
-0.974074 0.568627
-0.974074 0.559913
-0.944444 0.551198
-0.692593 0.546841
-0.366667 0.538126
-0.011111 0.533769
0 0.529412
0 0.529412
0 0.529412
0 0.529412
0 0.529412
0 0.533769
0 0.533769
0 0.533769
0 0.533769
0 0.538126
0 0.546841
0 0.559913
0 0.568627
0 0.577342
0 0.590414
0 0.599129
0 0.603486
0 0.607843
0 0.607843
0 0.607843
-0.159259 0.607843
-0.411111 0.607843
-0.692593 0.603486
-0.944444 0.594771
-1.196296 0.581699
-1.492593 0.559913
-1.67037 0.529412
-1.7 0.498911
-1.7 0.472767
-1.7 0.442266
-1.7 0.40305
-1.7 0.368192
-1.7 0.342048
-1.7 0.320261
-1.7 0.30719
-1.7 0.30719
-1.7 0.30719
-1.7 0.30719
-1.7 0.30719
-1.7 0.311547
-1.7 0.324619
-1.7 0.359477
-1.7 0.40305
-1.7 0.459695
-1.7 0.51634
-1.7 0.56427
-1.7 0.586057
-1.685185 0.607843
-1.640741 0.620915
-1.507407 0.638344
-1.462963 0.647059
-1.388889 0.655773
-1.388889 0.668845
-1.374074 0.67756
-1.374074 0.686275
-1.240741 0.690632
-1.196296 0.690632
-1.107407 0.690632
-0.959259 0.694989
-0.9 0.694989
-0.840741 0.699346
-0.840741 0.703704
-0.840741 0.712418
-0.811111 0.716776
-0.662963 0.721133
-0.52963 0.721133
-0.411111 0.72549
-0.292593 0.721133
-0.218518 0.721133
-0.040741 0.721133
0 0.708061
0 0.673203
0 0.599129
0 0.503268
0 0.350763
0 0.254902
0 0.180828
0 0.12854
0 0.084967
0 0.054466
0.011111 0.041394
0.292593 0.041394
0.544445 0.037037
0.796296 0.037037
1.151852 0.037037
1.255556 0.037037
1.448148 0.041394
1.522222 0.041394
1.625926 0.041394
1.7 0.041394
1.7 0.041394
1.7 0.050109
1.7 0.041394
1.7 0.041394
1.7 0.037037
1.7 0.041394
1.7 0.041394
1.7 0.03268
1.7 0.037037
1.7 0.037037
1.7 0.037037
1.7 0.037037
1.7 0.037037
1.7 0.041394
1.7 0.041394
1.7 0.037037
1.7 0.041394
1.7 0.041394
1.7 0.041394
1.7 0.041394
1.7 0.041394
1.7 0.041394
1.7 0.054466
1.7 0.076253
1.7 0.119826
1.7 0.150327
1.7 0.176471
1.7 0.220044
1.7 0.315904
1.7 0.424837
1.7 0.533769
1.7 0.590414
1.7 0.642702
1.7 0.681917
1.7 0.703704
1.7 0.721133
1.7 0.72549
1.7 0.72549
1.7 0.72549
1.7 0.729847
1.7 0.72549
1.7 0.716776
1.7 0.699346
1.7 0.664488
1.7 0.633987
1.7 0.603486
1.7 0.581699
1.7 0.56427
1.7 0.542484
1.7 0.525055
1.7 0.507625
1.7 0.490196
1.7 0.472767
1.7 0.455338
1.7 0.420479
1.7 0.389978
1.7 0.368192
1.7 0.359477
1.7 0.359477
1.67037 0.359477
1.67037 0.363834
1.655556 0.368192
1.655556 0.385621
1.67037 0.446623
1.640741 0.494553
1.655556 0.529412
1.655556 0.559913
1.640741 0.572985
1.640741 0.581699
1.640741 0.590414
1.640741 0.590414
1.640741 0.594771
1.625926 0.594771
1.625926 0.594771
1.625926 0.594771
1.433333 0.599129
1.403704 0.594771
1.418519 0.599129
1.433333 0.603486
1.418519 0.620915
1.418519 0.655773
1.388889 0.681917
1.403704 0.694989
1.388889 0.699346
1.225926 0.703704
1.166667 0.708061
1.122222 0.708061
1.033333 0.708061
1.018519 0.708061
1.003704 0.708061
0.959259 0.703704
0.811111 0.699346
0.559259 0.699346
0.396296 0.699346
0.1 0.699346
0 0.699346
0 0.694989
0 0.694989
0 0.694989
0 0.690632
0 0.694989
0 0.690632
0 0.690632
0 0.690632
0 0.690632
-0.114815 0.690632
-0.544444 0.690632
-1.048148 0.690632
-1.492593 0.686275
-1.7 0.686275
-1.7 0.686275
-1.7 0.686275
-1.7 0.686275
-1.7 0.681917
-1.7 0.681917
-1.7 0.681917
-1.7 0.681917
-1.7 0.67756
-1.477778 0.681917
-1.137037 0.67756
-0.692593 0.67756
-0.233333 0.67756
0 0.67756
0 0.67756
0 0.67756
0 0.67756
0 0.67756
0 0.67756
0 0.67756
0 0.67756
0 0.67756
0 0.67756
0 0.67756
0 0.67756
0 0.67756
0.425926 0.67756
1.092593 0.67756
1.655556 0.673203
1.7 0.673203
1.7 0.673203
1.7 0.673203
1.7 0.673203
1.7 0.673203
1.448148 0.673203
1.003704 0.673203
0.411111 0.673203
0 0.673203
0 0.673203
0 0.673203
0 0.673203
0 0.673203
0 0.673203
0 0.673203
0 0.673203
0 0.668845
0 0.655773
-0.12963 0.616558
-0.248148 0.529412
-0.381481 0.346405
-0.574074 0.145969
0 0.019608
0 0.159041
0 0.302832
0 0.433551
0.040741 0.511983
0.5 0.559913
0.87037 0.581699
1.018519 0.590414
1.107407 0.590414
1.137037 0.572985
1.122222 0.533769
1.122222 0.46841
1.033333 0.385621
0.618519 0.276688
0.011111 0.137255
-0.011111 0.115468
-0.218518 0.30719
-0.292593 0.455338
-0.485185 0.568627
-0.574074 0.616558
-0.825926 0.638344
-0.974074 0.638344
-1.122222 0.603486
-1.166667 0.551198
-1.240741 0.446623
-1.359259 0.315904
-1.374074 0.180828
-1.403704 0.08061
-1.225926 0.063181
-1.151852 0.215686
-1.122222 0.359477
-1.092593 0.481482
-1.107407 0.590414
-1.122222 0.664488
-1.107407 0.721133
-1.107407 0.755991
-1.107407 0.777778
-1.122222 0.79085
-1.107407 0.799564
-1.107407 0.803922
-1.107407 0.803922
-0.92963 0.799564
-0.811111 0.782135
-0.485185 0.694989
-0.381481 0.638344
-0.262963 0.590414
-0.218518 0.546841
-0.1 0.538126
0 0.538126
0 0.542484
0 0.56427
0 0.599129
0 0.703704
-0.381481 0.79085
-0.574074 0.830065
-0.811111 0.877996
-0.885185 0.891068
-0.959259 0.891068
-0.974074 0.882353
-0.974074 0.843137
-0.959259 0.803922
-0.781482 0.747277
-0.47037 0.664488
-0.218518 0.620915
0 0.6122
0 0.6122
0 0.6122
0 0.6122
0 0.6122
0 0.6122
0 0.6122
0 0.6122
0 0.6122
0 0.6122
0 0.6122
0 0.607843
0 0.607843
0 0.599129
0 0.594771
0 0.594771
0 0.594771
0 0.594771
0 0.594771
0 0.594771
0 0.594771
0 0.594771
0 0.594771
0 0.594771
0 0.594771
0 0.594771
0 0.599129
0 0.599129
0 0.599129
0 0.599129
0 0.599129
0 0.599129
0 0.599129
0 0.603486
0 0.599129
0 0.599129
0 0.599129
0 0.599129
0 0.599129
0 0.599129
0 0.599129
0 0.603486
0 0.603486
0 0.603486
0 0.603486
0 0.603486
0 0.603486
0 0.603486
0 0.603486
0.233333 0.6122
0.425926 0.607843
0.662963 0.607843
0.92963 0.607843
1.077778 0.607843
1.225926 0.607843
1.314815 0.607843
1.32963 0.607843
1.32963 0.607843
1.32963 0.607843
1.32963 0.607843
1.314815 0.607843
1.240741 0.607843
1.033333 0.603486
0.9 0.590414
0.52963 0.538126
0.174074 0.45098
0 0.350763
0 0.250545
0 0.124183
0 0.041394
0 0.002179
0 0.002179
0 0.058824
0 0.263617
0 0.368192
0 0.494553
0 0.599129
0 0.681917
0 0.777778
0.025926 0.834423
0.188889 0.891068
0.455556 0.95207
0.603704 0.995643
0.914815 1
0.988889 1
1.092593 1
1.181482 1
1.196296 1
1.211111 1
1.196296 0.991285
1.211111 0.921569
1.151852 0.882353
1.062963 0.869281
1.003704 0.856209
0.92963 0.83878
0.677778 0.830065
0.411111 0.825708
0.188889 0.825708
0.188889 0.825708
0.188889 0.825708
0.188889 0.825708
0.188889 0.825708
0.203704 0.825708
0.337037 0.834423
0.366667 0.856209
0.381482 0.873638
0.366667 0.891068
0.381482 0.908497
0.366667 0.938998
0.366667 0.969499
0.262963 1
0.218519 1
0.188889 1
0.188889 1
0.174074 1
0.188889 1
0.188889 1
0.262963 1
0.47037 1
0.662963 1
0.811111 1
0.92963 1
1.003704 1
1.092593 1
1.196296 1
1.240741 1
1.255556 1
1.255556 1
1.240741 1
1.225926 1
1.107407 1
0.959259 1
0.692593 1
0.633333 1
0.52963 1
0.52963 1
0.514815 1
0.52963 1
0.52963 1
0.52963 1
0.514815 1
0.52963 1
0.544445 1
0.692593 1
0.974074 1
1.062963 1
1.122222 0.995643
1.122222 0.982571
1.122222 0.965142
1.018519 0.943355
0.855556 0.930283
0.52963 0.921569
0.025926 0.908497
0 0.908497
0 0.904139
0 0.899782
0 0.895425
0 0.891068
-0.1 0.88671
-0.262963 0.882353
-0.307407 0.882353
-0.411111 0.882353
-0.5 0.877996
-0.648148 0.877996
-0.855556 0.877996
-1.122222 0.877996
-1.285185 0.877996
-1.374074 0.877996
-1.374074 0.877996
-1.388889 0.877996
-1.374074 0.877996
-1.388889 0.877996
-1.462963 0.873638
-1.477778 0.873638
-1.477778 0.873638
-1.492593 0.873638
-1.492593 0.873638
-1.477778 0.873638
-1.374074 0.873638
-1.122222 0.873638
-0.588889 0.873638
-0.011111 0.873638
0 0.869281
0 0.860566
0 0.856209
0 0.856209
0 0.856209
0 0.851852
0 0.851852
0 0.856209
0 0.856209
0 0.877996
0.174074 0.947712
0.455556 1
0.766667 1
0.988889 1
1.033333 1
1.033333 1
0.944444 1
0.662963 1
0.381482 1
0 1
0 1
0 1
0 1
0 1
0 1
0 1
0 1
0.248148 1
0.811111 1
1.3 1
1.67037 1
1.7 1
1.7 1
1.7 1
1.7 1
1.7 1
1.7 1
1.7 1
1.7 1
1.7 1
1.7 1
1.7 1
1.7 1
1.7 1
1.7 0.991285
1.7 0.982571
1.7 0.895425
1.507407 0.843137
1.32963 0.799564
1.151852 0.755991
1.048148 0.655773
0.959259 0.586057
0.692593 0.503268
0.485185 0.398693
0.203704 0.320261
0 0.215686
0 0.1939
0 0.180828
0 0.176471
0 0.176471
0 0.176471
0 0.198257
0 0.298475
0 0.385621
0.055556 0.464052
0.396296 0.568627
0.722222 0.633987
1.048148 0.694989
1.151852 0.764706
1.166667 0.786492
1.107407 0.799564
0.9 0.812636
0.574074 0.834423
0.322222 0.856209
0 0.864924
0 0.869281
0 0.869281
0 0.869281
0 0.873638
0 0.877996
0 0.904139
0 0.95207
0 0.986928
0 1
0 1
0 1
0 1
0 1
0 1
0 1
0 1
0 1
0 1
0 1
0 1
0 1
0 1
0 1
0 1
0.025926 1
0.455556 1
0.796296 1
0.974074 1
1.018519 1
1.181482 1
1.3 1
1.374074 1
1.433333 1
1.507407 1
1.522222 1
1.537037 1
1.537037 1
1.537037 1
1.537037 1
1.537037 1
1.537037 1
1.537037 1
1.537037 1
1.462963 1
1.359259 1
1.27037 1
1.211111 1
1.166667 1
1.166667 1
1.151852 1
1.151852 1
1.018519 0.995643
0.974074 0.986928
0.796296 0.978213
0.514815 0.978213
0.248148 0.973856
0 0.973856
0 0.973856
0 0.973856
0 0.978213
0 0.978213
0 0.986928
0.085185 0.991285
0.381482 0.995643
0.603704 0.995643
0.959259 1
1.107407 1
1.181482 1
1.181482 1
1.181482 1
1.107407 1
0.840741 1
0.144445 1
0 1
0 1
0 1
0 1
0 1
0 0.995643
0 0.995643
0 0.995643
0 0.995643
0 0.995643
0 0.995643
0 0.995643
0 0.995643
0 0.995643
0 0.995643
0 0.995643
0 0.995643
-0.1 0.991285
-0.574074 0.960784
-1.359259 0.860566
-1.7 0.769063
-1.7 0.599129
-1.7 0.459695
-1.7 0.416122
-1.7 0.416122
-1.7 0.416122
-1.7 0.420479
-1.566667 0.433551
-1.32963 0.481482
-0.92963 0.620915
-0.751852 0.777778
-0.588889 0.960784
-0.588889 0.960784
-0.574074 0.986928
-0.559259 1
-0.559259 1
-0.544444 1
-0.544444 1
-0.811111 1
-1.166667 1
-1.492593 1
-1.685185 1
-1.7 1
-1.7 1
-1.7 1
-1.7 0.904139
-1.7 0.816993
-1.7 0.751634
-1.7 0.703704
-1.7 0.703704
-1.7 0.703704
-1.7 0.708061
-1.7 0.716776
-1.7 0.716776
-1.7 0.716776
-1.7 0.712418
-1.7 0.708061
-1.7 0.67756
-1.7 0.647059
-1.7 0.625272
-1.7 0.620915
-1.7 0.620915
-1.7 0.620915
-1.7 0.620915
-1.640741 0.633987
-1.374074 0.651416
-0.974074 0.686275
-0.366667 0.734205
0 0.786492
0 0.816993
0 0.856209
0 0.882353
0 0.899782
0 0.917211
0 0.925926
0 0.930283
0 0.930283
0 0.930283
0 0.925926
0.144445 0.921569
0.203704 0.917211
0.248148 0.912854
0.366667 0.912854
0.425926 0.917211
0.425926 0.917211
0.440741 0.917211
0.440741 0.917211
0.425926 0.917211
0.174074 0.917211
0 0.917211
0 0.917211
0 0.917211
0 0.917211
0 0.917211
0 0.921569
0 0.921569
0 0.921569
0 0.921569
0 0.921569
0 0.921569
0 0.921569
0 0.921569
0 0.925926
0 0.925926
0 0.930283
0 0.930283
0 0.930283
0 0.934641
0 0.934641
0 0.934641
0.218519 0.934641
0.559259 0.938998
0.914815 0.938998
1.122222 0.938998
1.344444 0.943355
1.551852 0.943355
1.7 0.943355
1.7 0.947712
1.7 0.947712
1.7 0.947712
1.7 0.947712
1.7 0.947712
1.7 0.947712
1.7 0.95207
1.7 0.95207
1.640741 0.95207
1.522222 0.95207
1.403704 0.95207
1.048148 0.95207
0.677778 0.95207
0.144445 0.95207
0 0.95207
0 0.95207
0 0.95207
0 0.95207
0 0.95207
0 0.95207
0 0.95207
-0.085185 0.95207
-0.425926 0.956427
-1.003704 0.956427
-1.388889 0.960784
-1.640741 0.960784
-1.7 0.960784
-1.7 0.960784
-1.7 0.960784
-1.7 0.960784
-1.7 0.960784
-1.477778 0.965142
-1.092593 0.965142
-0.52963 0.965142
0 0.965142
0 0.965142
0 0.965142
0 0.965142
0 0.965142
0 0.965142
0 0.965142
0 0.965142
0 0.965142
0 0.965142
0 0.965142
0 0.965142
0 0.965142
0 0.965142
0 0.965142
0 0.965142
0 0.965142
0 0.969499
0 0.969499
0 0.969499
-0.203704 0.969499
-0.514815 0.969499
-1.137037 0.969499
-1.7 0.969499
-1.7 0.969499
-1.7 0.969499
-1.7 0.965142
-1.7 0.904139
-1.7 0.777778
-1.7 0.638344
-1.7 0.424837
-1.7 0.220044
-1.685185 0.015251
-1.640741 0.050109
-1.522222 0.089325
-1.448148 0.141612
-1.3 0.24183
-1.107407 0.376906
-0.692593 0.525055
-0.366667 0.590414
-0.233333 0.651416
-0.233333 0.721133
-0.233333 0.816993
-0.218518 0.965142
-0.203704 1
-0.12963 1
-0.1 1
-0.085185 1
-0.1 1
-0.1 1
-0.12963 1
-0.144444 1
-0.144444 1
-0.12963 1
-0.12963 1
-0.114815 1
0 1
0 1
0 1
0 1
0 1
0 1
0 1
0 1
0 1
0 1
0 1
0 1
0.381482 0.925926
0.914815 0.799564
1.211111 0.751634
1.433333 0.694989
1.640741 0.638344
1.7 0.568627
1.7 0.446623
1.7 0.285403
1.7 0.1939
1.7 0.150327
1.7 0.132898
1.7 0.124183
1.7 0.124183
1.7 0.115468
1.7 0.106754
1.7 0.111111
1.7 0.12854
1.7 0.206972
1.7 0.342048
1.7 0.464052
1.7 0.555556
1.7 0.616558
1.7 0.690632
1.7 0.769063
1.7 0.812636
1.7 0.856209
1.7 0.873638
1.7 0.882353
1.7 0.895425
1.7 0.917211
1.7 0.943355
1.7 0.973856
1.7 0.982571
1.7 0.991285
1.7 0.995643
1.7 0.995643
1.640741 0.995643
1.477778 0.995643
1.151852 0.995643
0.692593 0.995643
0.188889 1
0.025926 1
0.025926 1
0.011111 1
0.025926 1
0.025926 1
0.040741 1
0.12963 1
0.351852 1
0.381482 1
0.455556 1
0.662963 1
0.855556 1
1.003704 1
1.077778 1
1.122222 1
1.137037 1
1.122222 1
0.988889 1
0.737037 1
0.52963 1
0.52963 1
0.52963 1
0.514815 1
0.514815 1
0.514815 1
0.52963 1
0.52963 1
0.588889 1
0.662963 1
0.633333 0.947712
0.633333 0.843137
0.5 0.773421
0.203704 0.620915
0 0.511983
0 0.416122
0 0.411765
0 0.407407
0 0.407407
0 0.411765
0 0.433551
0 0.481482
0 0.546841
0 0.620915
0 0.764706
0 0.856209
0 0.995643
0 1
0 1
0 1
0 1
0.07037 1
0.248148 1
0.514815 1
0.692593 1
0.885185 1
1.003704 1
1.107407 1
1.122222 1
1.137037 1
1.137037 1
1.122222 0.891068
1.122222 0.816993
1.122222 0.764706
1.122222 0.651416
1.122222 0.572985
1.077778 0.485839
0.92963 0.437909
0.544445 0.437909
0.188889 0.498911
0 0.616558
0 0.799564
0 0.921569
0.011111 1
0.233333 1
0.662963 1
1.003704 1
1.240741 1
1.32963 1
1.344444 1
1.344444 1
1.32963 1
1.166667 1
0.92963 1
0.47037 1
0.025926 1
0 1
0 1
0 1
0 1
0 1
0 1
0 1
0 1
0 1
0 1
0 1
0.218519 1
0.988889 1
1.640741 1
1.7 1
1.7 1
1.7 1
1.7 1
1.7 1
1.7 1
1.655556 1
1.285185 1
0.559259 1
0 1
0 1
0 0.912854
0 0.734205
0 0.529412
0 0.233115
0 0.058824
-1.7 0.023965
-1.7 0.063181
-1.7 0.071895
-1.7 0.071895
-1.7 0.076253
-1.7 0.071895
-1.7 0.063181
-1.7 0.08061
-1.7 0.102397
-1.7 0.132898
-1.7 0.154684
-1.7 0.167756
-1.7 0.172113
-1.7 0.185185
-1.655556 0.224401
-1.374074 0.320261
-0.92963 0.429194
-0.425926 0.525055
0 0.594771
0 0.716776
0 0.847495
0 1
0 1
0 1
0 1
0 1
0 1
0 1
0 1
0 1
0 1
0 1
0 1
0 1
0 1
0 1
0.188889 1
0.411111 0.877996
0.588889 0.747277
0.751852 0.586057
0.974074 0.407407
1.211111 0.233115
1.418519 0.084967
1.7 0.010893
1.7 0.028322
1.7 0.054466
1.7 0.076253
1.7 0.106754
1.7 0.159041
1.7 0.263617
1.7 0.381264
1.7 0.503268
1.7 0.603486
1.7 0.664488
1.7 0.712418
1.7 0.747277
1.7 0.764706
1.7 0.773421
1.640741 0.777778
1.492593 0.777778
1.448148 0.782135
1.359259 0.786492
1.196296 0.786492
1.018519 0.795207
0.603704 0.821351
0.174074 0.869281
0.07037 0.982571
0.07037 1
0.085185 1
0.188889 1
0.366667 1
0.440741 1
0.5 1
0.574074 1
0.662963 1
0.677778 1
0.796296 1
0.92963 1
0.944444 1
0.959259 1
0.959259 1
0.959259 1
0.855556 1
0.677778 1
0.514815 1
0.514815 1
0.514815 1
0.5 1
0.514815 1
0.514815 1
0.559259 1
0.603704 1
0.618519 1
0.618519 1
0.618519 1
0.559259 1
0.366667 1
0.025926 1
0 1
0 1
0 1
0 1
0 1
0 1
0 1
0 1
0 1
0.114815 1
0.203704 1
0.218519 1
0.218519 1
0.188889 1
0 1
0 1
0 1
0 1
0 1
0 1
0 1
0 1
0 1
0 1
0 1
0 1
0 1
0 1
0 1
0 1
0 1
0 1
0 1
0 1
0 1
0 1
0 1
-0.025926 1
-0.277778 0.956427
-0.796296 0.777778
-1.225926 0.586057
-1.640741 0.363834
-1.7 0.159041
-1.7 0.015251
-1.240741 0.019608
-0.855556 0.159041
-0.322222 0.298475
0 0.437909
0 0.559913
0 0.664488
0 0.712418
0 0.79085
0 0.812636
0 0.851852
0 0.891068
0 0.947712
-0.188889 1
-0.411111 1
-0.781482 1
-1.122222 1
-1.403704 1
-1.507407 1
-1.537037 1
-1.537037 1
-1.477778 1
-1.151852 1
-0.825926 1
-0.292593 1
0 1
0 1
0 1
0 1
0 1
0 1
0 1
0 1
0 1
0 1
0 1
0 1
0 1
0 1
0.188889 1
0.52963 1
0.796296 1
0.944444 1
0.974074 1
0.974074 1
0.974074 1
0.974074 1
0.974074 1
0.707407 1
0 1
0 1
0 1
0 1
0 1
0 1
0 1
0 1
0 1
0 1
0 1
0 1
0 1
0 1
0 1
0 1
0 1
0 1
0 1
0 1
0 1
0 1
0 1
0 1
0 1
0 1
0 1
0.233333 1
0.737037 1
1.092593 1
1.314815 1
1.433333 1
1.433333 1
1.448148 1
1.462963 1
1.462963 1
1.403704 1
1.003704 1
0.425926 1
0 1
0 1
0 1
0 1
0 1
0 1
0 1
0 1
0 1
0 1
0 1
0 1
0 1
0 1
0.07037 1
0.425926 1
0.92963 1
1.344444 1
1.581482 1
1.7 1
1.7 1
1.7 1
1.640741 1
1.403704 1
1.181482 1
0.92963 1
0.455556 1
0 1
0 1
0 1
0 1
0 1
0 1
0 1
0.07037 1
0.648148 1
1.018519 1
1.255556 1
1.32963 1
1.32963 1
1.285185 1
1.018519 1
0.692593 1
0.233333 1
0 1
0 1
0 1
0 1
0 1
0 1
0 1
0 1
0 1
0 1
0 1
0 1
0 1
0 1
0 1
0 1
0 1
0 1
0 1
0 1
0 1
0 1
0 1
0 1
0 1
0 1
0 1
0 1
0 1
0 1
0 1
0 1
0 1
0 1
0 1
0 1
0 1
0 1
0 1
0 1
0 1
0 1
0 1
0 1
0 1
0 1
0 1
0 1
0 1
0 1
0 1
0 1
0 1
0 1
0 1
0 1
0.07037 1
0.248148 1
0.47037 1
0.633333 1
0.781482 1
0.885185 1
0.944444 1
0.988889 1
1.048148 1
1.196296 1
1.314815 1
1.477778 1
1.611111 1
1.685185 1
1.7 1
1.7 1
1.7 1
1.7 1
1.7 1
1.7 1
1.7 1
1.7 1
1.67037 1
1.551852 1
1.32963 1
0.988889 1
0.559259 1
0.144445 1
0 1
0 1
0 1
0 1
0 1
0 1
0 1
0 1
0 1
0 1
0 1
0 1
0 1
0 1
0 1
0 1
0 1
0 1
0 1
0 1
0 1
0 1
0 1
0 1
0 1
0 1
0 0.938998
0 0.777778
0 0.616558
0 0.433551
0 0.263617
0 0.098039
0.366667 0.071895
0.47037 0.172113
0.588889 0.250545
0.825926 0.337691
1.107407 0.407407
1.32963 0.459695
1.433333 0.511983
1.537037 0.555556
1.551852 0.586057
1.566667 0.638344
1.566667 0.708061
1.433333 0.786492
1.092593 0.843137
0.618519 0.943355
0.025926 1
0 1
0 1
0 1
0 1
0 1
0 1
0 1
0 1
0 1
0 1
0 1
0.025926 1
0.485185 1
1.003704 1
1.388889 1
1.640741 1
1.7 1
1.7 1
1.7 1
1.7 1
1.7 1
1.7 1
1.7 1
1.7 0.95207
1.7 0.799564
1.625926 0.660131
1.240741 0.472767
0.796296 0.272331
0.248148 0.111111
0.085185 0.015251
0.114815 0.132898
0.455556 0.28976
0.796296 0.446623
1.151852 0.6122
1.433333 0.782135
1.581482 0.991285
1.685185 1
1.7 1
1.7 1
1.7 1
1.7 1
1.7 1
1.7 1
1.7 1
1.640741 1
1.359259 1
0.988889 1
0.396296 1
0.011111 1
0 1
0 1
0 1
0 1
0 1
0 1
0.040741 1
0.114815 1
0.52963 1
1.151852 1
1.477778 1
1.7 1
1.7 1
1.7 1
1.7 1
1.7 1
1.7 1
1.551852 1
1.196296 1
0.707407 1
0.159259 1
0 1
0 1
0 1
0 1
0 1
0 1
0 1
0 1
0 1
0 1
0 1
0 1
0 1
0 1
0 1
0 1
0 1
-0.159259 1
-0.485185 1
-0.885185 1
-1.477778 1
-1.7 1
-1.7 1
-1.7 1
-1.7 1
-1.7 1
-1.7 1
-1.7 1
-1.7 1
-1.7 1
-1.7 1
-1.7 1
-1.7 1
-1.7 1
-1.7 1
-1.7 1
-1.7 1
-1.7 1
-1.7 1
-1.7 1
-1.7 1
-1.7 1
-1.7 1
-1.7 1
-1.7 1
-1.7 1
-1.7 1
-1.7 1
-1.551852 1
-1.374074 1
-1.107407 1
-0.677778 1
-0.485185 1
-0.277778 1
-0.12963 1
0 1
0 1
0 1
0 1
0 1
0 1
0 1
-0.12963 1
-0.411111 1
-0.574074 1
-0.588889 1
-0.588889 1
-0.574074 1
-0.485185 1
-0.381481 1
-0.366667 1
-0.381481 1
-0.396296 1
-0.574074 1
-0.825926 1
-1.122222 1
-1.240741 1
-1.344444 1
-1.359259 1
-1.359259 1
-1.359259 1
-1.344444 1
-1.285185 1
-1.048148 1
-0.485185 1
0 1
0 1
0 1
0 1
0 1
0 1
0 1
0 1
0 1
0 1
0 1
0 1
0 1
0 1
0 1
0 1
0 1
0 1
0 1
0 1
0 1
0 1
0.011111 1
0.218519 1
0.559259 1
0.959259 1
1.27037 1
1.433333 1
1.522222 1
1.551852 1
1.551852 1
1.625926 1
1.685185 1
1.7 1
1.7 1
1.7 1
1.7 1
1.7 1
1.537037 1
1.003704 1
0.47037 1
0 1
0 1
0 1
0 1
0 1
0 1
0 1
0 1
0 1
0 1
0 1
0 1
0 1
0 1
0 1
0 1
0 1
0 1
0 1
0 1
0 0.816993
0 0.607843
0 0.285403
-1.477778 0.015251
-1.7 0.124183
-1.7 0.185185
-1.7 0.220044
-1.7 0.228758
-1.7 0.224401
-1.7 0.211329
-1.7 0.1939
-1.7 0.176471
-1.7 0.163399
-1.7 0.172113
-1.7 0.172113
-1.7 0.180828
-1.7 0.198257
-1.7 0.220044
-1.7 0.250545
-1.7 0.276688
-1.7 0.328976
-1.7 0.411765
-1.7 0.520697
-1.7 0.599129
-1.7 0.651416
-1.7 0.734205
-1.7 0.747277
-1.7 0.782135
-1.7 0.803922
-1.7 0.834423
-1.7 0.877996
-1.7 0.943355
-1.7 0.991285
-1.7 1
-1.7 1
-1.7 1
-1.7 1
-1.7 1
-1.7 1
-1.7 1
-1.7 1
-1.7 1
-1.7 1
-1.7 1
-1.7 1
-1.7 1
-1.7 1
-1.7 1
-1.7 1
-1.359259 1
-0.811111 0.88671
-0.262963 0.773421
0 0.647059
0 0.490196
0 0.35512
0 0.237473
0 0.198257
0 0.1939
0 0.1939
0 0.1939
0 0.1939
0 0.1939
0.188889 0.198257
0.366667 0.1939
0.588889 0.1939
0.855556 0.198257
1.062963 0.220044
1.225926 0.311547
1.285185 0.342048
1.374074 0.40305
1.403704 0.459695
1.418519 0.490196
1.403704 0.511983
1.403704 0.546841
1.403704 0.586057
1.403704 0.686275
1.403704 0.751634
1.403704 0.799564
1.403704 0.825708
1.403704 0.869281
1.388889 0.934641
1.359259 1
1.32963 1
1.314815 1
1.32963 1
1.32963 1
1.32963 1
1.314815 1
1.32963 1
1.359259 1
1.507407 1
1.655556 1
1.7 1
1.7 1
1.7 1
1.7 1
1.7 0.83878
1.7 0.690632
1.7 0.525055
1.7 0.350763
1.7 0.176471
1.7 0.037037
1.7 0.071895
1.7 0.189543
1.655556 0.416122
1.418519 0.603486
0.974074 0.782135
0.425926 0.973856
0 1
0 1
0 1
0 1
0 1
0 1
0 1
0 1
0 1
0 1
0 1
0 1
0 1
0 1
0.025926 1
0.025926 1
0.025926 1
0.025926 1
0.040741 1
0.025926 1
0.025926 1
0.025926 1
0.025926 1
0.025926 1
0.025926 1
0.025926 1
0.025926 1
0.218519 1
0.514815 1
0.825926 1
1.033333 1
1.196296 1
1.225926 1
1.255556 1
1.255556 1
1.255556 1
1.181482 1
0.677778 1
0.411111 1
0 1
0 1
0 1
0 1
0 1
0 1
0 1
0 1
0 1
0 1
0 1
0 1
0 1
0 1
0 1
0 1
0 1
0 1
0 1
0 1
0 0.995643
0 0.812636
0 0.777778
0 0.699346
0 0.664488
0 0.655773
0 0.651416
0 0.655773
0 0.668845
0 0.681917
0.425926 0.67756
0.988889 0.668845
1.403704 0.620915
1.640741 0.546841
1.7 0.420479
1.7 0.346405
1.7 0.28976
1.7 0.198257
1.7 0.124183
1.7 0.058824
1.433333 0.006536
1.433333 0.023965
1.418519 0.037037
1.418519 0.050109
1.433333 0.063181
1.418519 0.089325
1.32963 0.093682
1.196296 0.106754
0.988889 0.150327
0.559259 0.1939
0.085185 0.250545
0 0.342048
0 0.485839
0 0.620915
0 0.782135
0 0.851852
0 0.960784
0 1
0 1
0 1
0 1
0 1
0 1
0 1
0 1
0 1
0 1
0 1
0 1
0 1
0 1
0 1
0 1
0 1
0 1
0 1
-0.248148 1
-0.440741 0.978213
-0.840741 0.738562
-1.122222 0.572985
-1.462963 0.376906
-1.7 0.198257
-1.7 0.071895
-1.596296 0.015251
-1.359259 0.071895
-1.092593 0.115468
-0.751852 0.137255
-0.277778 0.159041
0 0.220044
0 0.342048
0 0.46841
0 0.599129
0 0.729847
0 0.856209
0 1
0 1
0 1
0 1
-0.055556 1
-0.277778 1
-0.574074 1
-0.885185 1
-1.137037 1
-1.196296 1
-1.196296 1
-1.196296 1
-1.196296 1
-1.122222 1
-0.840741 1
-0.381481 1
0 1
0 1
0 1
0 1
0 1
0 1
0 1
0 1
0 1
0 1
0 1
0 1
0 1
0 1
0 1
0 0.925926
0 0.703704
0 0.46841
0.411111 0.211329
1.7 0.010893
1.7 0.172113
1.7 0.320261
1.7 0.46841
1.7 0.572985
1.7 0.651416
1.7 0.734205
1.7 0.808279
1.7 0.873638
1.7 0.986928
1.7 1
1.7 1
1.7 1
1.7 1
1.7 1
1.7 0.925926
1.7 0.860566
1.7 0.830065
1.7 0.803922
1.7 0.773421
1.7 0.686275
1.7 0.559913
1.7 0.416122
1.537037 0.294118
1.225926 0.172113
0.944444 0.098039
0.766667 0.054466
0.588889 0.045752
0.233333 0.058824
0.011111 0.093682
0 0.154684
0 0.228758
0 0.35512
0 0.498911
0 0.67756
0 0.943355
0 1
0 1
0 1
0.085185 1
0.455556 1
0.603704 1
0.662963 1
0.677778 1
0.677778 1
0.677778 1
0.677778 1
0.52963 1
0.5 1
0.455556 0.978213
0.366667 0.917211
0.174074 0.83878
0 0.751634
0 0.620915
0 0.485839
0 0.368192
0 0.324619
0 0.324619
0 0.35512
0 0.424837
0 0.546841
0 0.716776
0 1
0 1
0 1
0 1
0 1
0 1
0 1
0 1
0 1
0 1
0 1
0 1
0 1
0 1
0 1
0 1
0 1
0 1
0 1
0 1
0 1
0 1
0 1
0 1
0 1
0 1
0 1
0 1
0 1
0 1
0 1
0 1
0 1
0 1
0 1
0 1
0 0.864924
0 0.751634
0 0.607843
0 0.363834
0 0.137255
-1.7 0.015251
-1.492593 0.163399
-1.374074 0.272331
-1.3 0.35512
-1.211111 0.433551
-1.122222 0.490196
-0.9 0.56427
-0.574074 0.638344
-0.233333 0.751634
0 0.830065
0 0.95207
0 1
0 1
0 1
0 1
0 1
0 1
0 1
0 1
0 1
0 1
0 1
0 1
0 1
0 1
0 1
0 1
0 1
0 1
0 1
0 1
0 1
0 1
0 1
0 1
0 1
0 1
0 1
0 1
0 1
0 1
0 1
0 1
0 1
0 1
0 1
0 1
0 1
0 1
0 1
0 1
0 1
0 1
0 1
0 1
0 0.943355
0 0.67756
0 0.372549
0 0.084967
0.425926 0.272331
0.425926 0.507625
0.440741 0.681917
0.366667 0.83878
0.188889 1
0.085185 1
0 1
0 1
0 1
0 1
0 1
0 1
0 1
0 1
0 1
0 1
0.040741 1
0.381482 1
0.751852 1
1.048148 1
1.240741 1
1.32963 1
1.403704 1
1.418519 1
1.418519 1
1.403704 1
1.403704 1
1.374074 1
1.211111 1
1.033333 1
0.811111 1
0.411111 1
0.040741 1
0 1
0 1
0 1
0 1
0 1
0 1
0 1
0 1
0 1
0 1
0 1
0 1
0 1
0 1
0 1
0 1
0 1
0 1
0 1
0 1
0 1
0.07037 1
0.337037 1
0.588889 1
0.944444 1
1.211111 1
1.403704 1
1.507407 1
1.537037 1
1.566667 1
1.566667 1
1.566667 1
1.566667 1
1.566667 1
1.566667 1
1.566667 1
1.507407 1
1.314815 1
1.018519 1
0.603704 1
0.025926 1
0 1
0 1
0 1
0 1
0 1
0 1
0 1
0 1
0 1
0 1
0 1
0 1
0 1
0 1
0 1
0 1
0 1
0 1
0 1
0 1
0 1
0 1
0 1
0 1
0 1
0 1
0 1
0 1
0 1
0 1
0 1
0 1
0 1
-0.055556 1
-0.277778 1
-0.559259 1
-0.974074 1
-1.211111 1
-1.359259 1
-1.359259 1
-1.225926 1
-1.062963 1
-0.574074 1
-0.040741 1
0 1
0 1
0 1
0 1
0 1
0 1
0 1
0 1
0 1
0 1
0 1
0 1
0 1
0 1
0 1
0 1
0.011111 1
0.677778 1
1.225926 1
1.655556 1
1.7 1
1.7 1
1.7 1
1.7 1
1.7 1
1.7 1
1.7 1
1.7 1
1.7 1
1.7 1
1.7 1
1.7 1
1.7 1
1.7 1
1.7 1
1.507407 1
1.181482 1
0.722222 1
0.188889 1
0 1
0 1
0 1
0 1
0 1
0 1
0 1
0 1
0 1
0 1
0 1
0 1
0 1
0 1
0 1
0 1
0 1
0 1
0 1
0 1
0 1
0.114815 1
0.52963 1
0.988889 1
1.3 1
1.492593 1
1.611111 1
1.67037 1
1.7 1
1.7 1
1.7 1
1.7 1
1.7 1
1.7 1
1.7 1
1.67037 1
1.433333 1
1.107407 1
0.692593 1
0.114815 1
0 1
0 1
0 1
0 1
0 1
0 1
0 1
0 1
0 1
0 1
0 1
0 1
0 1
0 1
0 1
0 1
0 1
0 1
0.085185 1
0.544445 1
1.033333 1
1.418519 1
1.7 1
1.7 1
1.7 1
1.7 1
1.7 1
1.7 1
1.7 1
1.7 1
1.7 1
1.7 1
1.7 1
1.7 1
1.537037 1
1.151852 1
0.692593 1
0.262963 1
0.025926 1
0 1
0 1
0 1
0 1
0 1
0 1
0 1
0 1
0 1
0.040741 1
0.588889 1
1.122222 1
1.418519 1
1.640741 1
1.7 1
1.7 1
1.7 1
1.7 1
1.67037 1
1.403704 1
1.077778 0.673203
0.485185 0.189543
-1.388889 0.006536
-1.507407 0.041394
-1.67037 0.089325
-1.7 0.167756
-1.7 0.342048
-1.7 0.542484
-1.7 0.747277
-1.7 0.956427
-1.7 1
-1.7 1
-1.7 1
-1.7 1
-1.7 1
-1.7 1
-1.7 1
-1.7 1
-1.7 1
-1.7 1
-1.7 1
-1.7 1
-1.685185 1
-1.685185 1
-1.685185 1
-1.7 1
-1.685185 1
-1.685185 1
-1.685185 1
-1.7 1
-1.655556 1
-1.611111 0.912854
-1.581482 0.729847
-1.492593 0.490196
-1.492593 0.342048
-1.507407 0.228758
-1.492593 0.141612
-1.492593 0.063181
-1.7 0.132898
-1.7 0.424837
-1.7 0.742919
-1.7 1
-1.7 1
-1.7 1
-1.7 1
-1.7 1
-1.7 1
-1.7 1
-1.640741 1
-1.625926 1
-1.625926 1
-1.625926 1
-1.611111 1
-1.625926 1
-1.492593 1
-1.359259 1
-1.225926 1
-1.107407 1
-1.048148 1
-1.062963 1
-1.048148 1
-1.048148 1
-1.048148 1
-1.048148 1
-0.87037 1
-0.707407 1
-0.5 1
-0.381481 1
-0.307407 1
-0.322222 1
-0.322222 1
-0.322222 1
-0.322222 1
-0.322222 1
-0.322222 1
-0.322222 1
-0.322222 0.960784
-0.322222 0.79085
-0.337037 0.647059
-0.514815 0.568627
-0.811111 0.551198
-1.092593 0.568627
-1.492593 0.690632
-1.7 0.834423
-1.7 1
-1.7 1
-1.7 1
-1.7 1
-1.7 1
-1.7 1
-1.7 1
-1.7 1
-1.7 1
-1.7 1
-1.7 1
-1.7 1
-1.7 1
-1.7 1
-1.7 1
-1.7 1
-1.7 1
-1.611111 1
-1.374074 1
-1.107407 1
-0.737037 1
-0.262963 1
0 0.938998
0 0.751634
0 0.572985
0 0.385621
0 0.237473
0 0.145969
0 0.12854
0 0.124183
0 0.154684
0 0.272331
0 0.411765
0 0.572985
0 0.734205
0 1
0 1
0 1
0 1
0.040741 1
0.411111 1
0.796296 1
0.974074 1
1.033333 1
1.033333 1
1.048148 1
1.048148 1
0.974074 1
0.692593 0.973856
0.188889 0.799564
0 0.651416
0 0.494553
0 0.294118
0 0.1939
0 0.189543
0 0.250545
0 0.416122
0 0.590414
0 0.742919
0 0.960784
0 1
0 1
0 1
0 1
0 1
0 1
0 1
0 1
0 1
0 1
0 1
0 1
0 1
0 1
0 1
0 0.908497
0 0.633987
0 0.276688
0.411111 0.045752
0.47037 0.220044
0 0.607843
0 0.891068
0 1
0 1
0 1
0 1
0 1
0 1
0 1
0 1
0 1
0 1
0 1
0 1
0 1
0 1
0 1
0 1
0 1
0 1
0 1
0 1
0 1
0 1
0 1
0 1
0 1
-0.218518 1
-0.396296 1
-0.588889 1
-0.855556 1
-1.122222 0.816993
-1.3 0.690632
-1.462963 0.603486
-1.537037 0.529412
-1.655556 0.464052
-1.7 0.437909
-1.7 0.394336
-1.7 0.372549
-1.7 0.363834
-1.7 0.363834
-1.7 0.368192
-1.685185 0.572985
-1.640741 0.638344
-1.566667 0.782135
-1.507407 0.899782
-1.522222 1
-1.522222 1
-1.507407 1
-1.522222 1
-1.507407 1
-1.507407 1
-1.507407 1
-1.492593 1
-1.462963 1
-1.240741 1
-1.107407 1
-0.855556 1
-0.485185 1
-0.085185 1
0 0.943355
0 0.708061
0 0.559913
0 0.442266
0 0.40305
0 0.398693
0 0.398693
0 0.398693
0 0.398693
0 0.398693
0 0.394336
0 0.389978
-0.011111 0.381264
-0.440741 0.372549
-0.855556 0.376906
-1.211111 0.398693
-1.492593 0.442266
-1.7 0.503268
-1.7 0.568627
-1.7 0.616558
-1.7 0.625272
-1.7 0.62963
-1.7 0.62963
-1.7 0.616558
-1.655556 0.577342
-1.225926 0.494553
-0.840741 0.420479
-0.277778 0.368192
0 0.350763
0 0.359477
0 0.45098
0 0.625272
0 0.764706
0 0.869281
0 1
0 1
0 1
0 1
0 1
0 1
0 1
0 1
0.085185 1
0.425926 1
0.796296 1
1.181482 1
1.374074 1
1.551852 1
1.7 1
1.7 1
1.7 0.668845
1.7 0.376906
1.7 0.111111
1.7 0.154684
1.7 0.459695
1.7 0.686275
1.7 0.88671
1.7 1
1.7 1
1.7 1
1.7 1
1.7 1
1.7 1
1.7 1
1.7 1
1.7 1
1.7 1
1.7 1
1.7 1
1.7 1
1.7 1
1.7 1
1.7 1
1.7 1
1.7 1
1.7 1
1.7 1
1.7 1
1.7 1
1.7 1
1.7 1
1.7 1
1.7 1
1.7 1
1.7 1
1.7 1
1.7 1
1.7 1
1.7 1
1.7 1
1.7 1
1.611111 1
1.448148 1
1.211111 1
0.944444 1
0.381482 1
0.025926 1
0 1
0 0.812636
0 0.647059
0 0.455338
0 0.202614
0 0.111111
0 0.006536
0 0.028322
0 0.276688
0 0.424837
0 0.6122
0 0.738562
0 0.873638
0 1
0 1
0 1
0 1
0 1
0 1
0 1
0 1
0 1
0 1
0 1
0 1
0 1
0 1
0 1
0 1
0 1
0 1
0 1
0 0.860566
0 0.72549
0 0.529412
0 0.350763
0 0.172113
0 0.054466
0 0.084967
0 0.163399
0 0.424837
0 0.620915
0 0.808279
0 1
0 1
0 1
0 1
0 1
0 1
0 1
0 1
0 1
0 1
0 1
0 1
0.011111 1
0.366667 1
0.92963 0.965142
1.462963 0.729847
1.7 0.538126
1.7 0.298475
1.7 0.093682
1.566667 0.041394
1.344444 0.167756
1.018519 0.324619
0.692593 0.485839
0.114815 0.681917
0 0.812636
0 1
0 1
0 1
0 1
0 1
0 1
0 1
0 1
0 1
0.188889 1
1.077778 1
1.551852 1
1.7 1
1.7 1
1.7 1
1.7 1
1.7 1
1.7 1
1.7 1
1.462963 1
1.151852 0.825708
0.707407 0.594771
0.055556 0.215686
0 0.159041
0 0.28976
0 0.455338
0 0.538126
0 0.581699
0 0.590414
0 0.590414
0 0.586057
0 0.546841
0 0.455338
0 0.311547
0 0.172113
0 0.041394
-1.448148 0.1939
-1.462963 0.381264
-1.448148 0.511983
-1.448148 0.6122
-1.359259 0.742919
-1.137037 0.912854
-0.885185 1
-0.574074 1
-0.396296 1
-0.262963 1
-0.262963 1
-0.233333 1
-0.233333 1
-0.248148 1
-0.277778 1
-0.574074 1
-1.137037 1
-1.477778 1
-1.7 1
-1.7 1
-1.7 1
-1.7 1
-1.7 1
-1.7 1
-1.7 1
-1.7 1
-1.7 1
-1.7 1
-1.7 1
-1.7 0.830065
-1.7 0.607843
-1.7 0.324619
-1.7 0.093682
0 0.159041
0 0.24183
0 0.363834
0 0.546841
0 0.694989
0.011111 0.847495
0.203704 1
0.440741 1
0.722222 1
1.033333 1
1.314815 1
1.522222 1
1.7 1
1.7 1
1.7 1
1.7 1
1.7 1
1.7 1
1.7 1
1.7 1
1.7 1
1.7 1
1.7 1
1.7 1
1.7 1
1.7 1
1.7 1
1.7 1
1.7 0.851852
1.7 0.729847
1.7 0.607843
1.7 0.420479
1.7 0.281046
1.7 0.145969
1.7 0.054466
1.7 0.010893
1.7 0.294118
1.7 0.381264
1.7 0.599129
1.7 0.742919
1.7 0.851852
1.7 1
1.7 1
1.7 1
1.7 1
1.7 1
1.7 1
1.7 1
1.7 1
1.7 1
1.7 1
1.7 1
1.7 1
1.7 1
1.7 1
1.7 0.88671
1.7 0.647059
1.7 0.416122
1.611111 0.206972
1.27037 0.03268
0.974074 0.159041
0.959259 0.385621
0.840741 0.568627
0.677778 0.694989
0.366667 0.834423
0.055556 1
0 1
0 1
0 1
0 1
0 1
0 1
0 1
0 1
0 1
0 1
0 1
0 1
0 1
0 1
0 1
0 1
0 1
0 1
0 1
0 1
0 1
0 1
0 1
0 1
0 1
0 1
0 1
0 1
0 1
0 1
0 1
0 1
0 1
0 1
0 1
0 1
0 1
0 1
0 1
0 1
0 1
0 1
0 1
0 1
0 1
0 1
0 1
0 1
0 1
0 1
0 1
0 1
0 1
0 1
0 1
0 1
0 1
0 1
0 1
0 1
0 1
-0.025926 1
-0.248148 1
-0.485185 1
-0.781482 1
-1.018519 1
-1.211111 1
-1.3 1
-1.359259 1
-1.374074 1
-1.374074 1
-1.374074 1
-1.137037 1
-0.825926 1
-0.47037 1
-0.07037 1
0 1
0 1
0 1
0 1
0 1
0 1
0 1
-0.396296 1
-1.107407 1
-1.477778 1
-1.7 1
-1.7 1
-1.7 1
-1.7 1
-1.67037 1
-1.3 1
-0.974074 1
-0.396296 1
0 1
0 1
0 1
0 1
0 1
0 1
0 1
0 1
0 1
0 1
0 1
0 1
0 1
0 1
0 1
0 1
0 1
0 1
0 1
0 1
0 1
0 1
0 1
0 1
0 1
0 1
0 1
0 1
0 1
0 1
0 1
0 1
0 1
0.544445 1
1.240741 1
1.448148 1
1.640741 1
1.625926 1
1.640741 1
1.507407 1
1.151852 1
0.914815 1
0.455556 1
0 1
0 1
0 1
0 1
0 1
0 1
0 1
0 1
0 1
0 1
0 1
0 1
0 1
0 1
0 1
0 1
0 1
0 1
0 1
0 1
0 1
0 1
0.1 1
0.425926 1
1.003704 1
1.403704 1
1.7 1
1.7 1
1.7 1
1.7 1
1.7 1
1.7 1
1.67037 1
1.166667 1
0.574074 1
0.025926 1
0 1
0 1
0 1
0 1
0 1
0 1
0.040741 1
0.411111 1
0.796296 1
1.092593 1
1.211111 1
1.211111 1
1.225926 1
1.122222 1
0.885185 1
0.425926 1
0.011111 1
0 1
0 1
0 1
0 1
0 1
0 1
0 1
0 1
0 1
0 1
0 1
0 1
0 1
0 1
0.07037 1
0.1 1
0.085185 1
0.1 1
0.1 1
0.085185 1
0.085185 1
0.1 1
0.12963 1
0.233333 1
0.366667 1
0.411111 1
0.425926 1
0.440741 1
0.440741 1
0.440741 1
0.455556 1
0.455556 1
0.455556 1
0.440741 1
0.292593 1
0 1
0 1
0 1
0 1
0 1
0 1
0 1
0 1
0 1
0 1
0 1
0 1
0 1
0 1
0 1
0 1
0 1
0 1
0 1
0 1
0 1
0 1
0 1
0 1
0 1
0 1
0 1
0 1
0.07037 1
0.203704 1
0.514815 1
0.662963 1
0.825926 1
0.974074 1
1.077778 1
1.196296 1
1.359259 1
1.492593 1
1.625926 1
1.7 1
1.7 1
1.7 1
1.7 1
1.685185 1
1.477778 1
1.211111 1
0.825926 1
0.262963 1
0 1
0 1
0 1
0 1
0 1
0 1
0 1
0 1
0 1
0 1
0 1
0 1
0 1
0 1
0 1
0 1
0 1
0 1
0 1
0 1
0.011111 1
0.351852 1
0.737037 1
1.137037 1
1.418519 1
1.655556 1
1.7 1
1.7 1
1.7 1
1.7 1
1.7 1
1.7 1
1.7 1
1.7 1
1.522222 1
1.166667 1
0.692593 1
0.085185 1
0 1
0 1
0 1
0 1
0 1
0 1
0 1
0 1
0 1
0 1
0 1
0 1
0.011111 1
0.396296 1
1.018519 1
1.566667 1
1.7 1
1.7 1
1.7 1
1.7 1
1.7 1
1.7 1
1.7 1
1.7 1
1.7 1
1.7 1
1.67037 1
1.32963 1
0.944444 1
0.425926 1
0 1
0 1
0 1
0 1
0 1
0 1
0 1
0 1
0 1
0.203704 1
0.677778 1
1.181482 1
1.551852 1
1.7 1
1.7 1
1.7 1
1.7 1
1.7 1
1.522222 1
1.27037 1
0.92963 1
0.322222 1
0 1
0 1
0 1
0 1
0 1
0 1
0 1
0 1
0 1
0 1
0 1
0 1
0 1
0 1
0 1
-0.262963 1
-0.825926 1
-1.359259 1
-1.537037 1
-1.685185 1
-1.7 1
-1.7 1
-1.7 1
-1.7 1
-1.7 1
-1.7 1
-1.7 1
-1.7 1
-1.7 1
-1.7 1
-1.640741 1
-1.462963 1
-1.196296 1
-0.722222 1
0 1
0 1
0 1
0 1
0 1
0 1
0 1
0 1
0 1
0 1
0 1
0 1
0 1
0 1
-0.277778 1
-0.781482 1
-1.285185 1
-1.7 1
-1.7 1
-1.7 1
-1.7 1
-1.7 1
-1.7 1
-1.7 1
-1.7 1
-1.7 1
-1.7 1
-1.7 1
-1.7 1
-1.7 1
-1.7 1
-1.7 1
-1.7 1
-1.7 1
-1.7 1
-1.7 1
-1.7 1
-1.7 1
-1.7 1
-1.492593 1
-0.944444 1
-0.114815 1
0 1
0 1
0 1
0 1
0 1
0 1
0 1
0 1
0 1
0 1
0 1
0 1
0 1
0 1
0 1
0 1
0 1
0 1
0 1
0 1
0.114815 1
0.262963 1
0.544445 1
0.959259 1
1.359259 1
1.566667 1
1.7 1
1.7 1
1.7 1
1.7 1
1.625926 1
1.359259 1
1.033333 1
0.618519 1
0.07037 1
0 1
0 1
0 1
0 1
0 1
0 1
0 1
0 1
0 1
0 1
0 1
0 1
0 1
0 1
0 1
0 1
0 1
0 1
0 1
0 1
0 1
0 1
0 1
0 1
0 1
0 1
0 1
0 1
0 1
0 1
0 1
0 1
0 1
0 1
0 1
0 1
0 1
0 1
0 1
0 1
0 1
0 1
0 1
0 1
0 1
0 1
0 1
-0.159259 1
-0.366667 1
-0.52963 1
-0.796296 1
-0.885185 1
-0.959259 1
-1.033333 1
-1.122222 1
-1.122222 1
-1.240741 1
-1.374074 1
-1.433333 1
-1.477778 1
-1.492593 1
-1.507407 1
-1.507407 1
-1.522222 1
-1.596296 1
-1.67037 1
-1.7 1
-1.7 1
-1.7 1
-1.7 1
-1.7 1
-1.7 1
-1.7 1
-1.7 1
-1.7 1
-1.7 1
-1.7 1
-1.7 1
-1.7 1
-1.7 1
-1.7 1
-1.7 1
-1.7 1
-1.7 1
-1.32963 1
-0.781482 1
-0.159259 1
0 1
0 1
0 1
0 1
0 1
0.025926 1
0.52963 1
0.811111 1
1.166667 1
1.462963 1
1.7 1
1.7 1
1.7 1
1.7 1
1.7 1
1.7 1
1.7 1
1.7 1
1.7 1
1.7 1
1.7 1
1.7 1
1.7 1
1.7 1
1.7 1
1.7 1
1.7 1
1.7 1
1.7 1
1.7 1
1.7 1
1.7 1
1.7 1
1.7 1
1.7 1
1.7 1
1.7 1
1.7 1
1.7 1
1.7 1
1.7 1
1.7 1
1.685185 1
1.403704 1
1.003704 1
0.455556 1
0 1
0 1
0 1
0 1
0 1
0 1
0 1
0 1
0 1
0 1
0 1
0 1
0 1
0 1
0 1
0 1
0 1
0 1
0 1
0 1
0 1
0 1
0 1
0 1
0 1
0 1
0 1
0 1
0 1
0 1
0 1
0 1
0 1
0 1
0 1
0 1
0 1
0.1 1
0.248148 1
0.5 1
0.722222 1
0.988889 1
1.196296 1
1.32963 1
1.507407 1
1.611111 1
1.7 1
1.7 1
1.7 1
1.7 1
1.7 1
1.7 1
1.418519 1
1.003704 1
0.603704 1
0.351852 1
0.159259 1
0.025926 1
0 1
0 1
0 1
0 1
0 1
0 1
0 1
0 1
0 1
0 1
0 1
0.337037 1
0.885185 1
1.092593 1
1.211111 1
1.240741 1
1.240741 1
1.196296 1
1.003704 1
0.811111 1
0.52963 1
0.307408 1
0.174074 1
0.159259 1
0.159259 1
0.159259 1
0.159259 1
0.485185 1
1.048148 1
1.418519 1
1.7 1
1.7 1
1.7 1
1.7 1
1.7 1
1.581482 1
1.181482 1
0.811111 1
0.188889 1
0 1
0 1
0 1
0 1
0 1
0 1
0 1
0 1
0 1
0 1
0 1
0 1
0 1
0 1
0 1
0 1
0 1
0 1
0 1
0 1
0 1
0 1
0 1
0 1
0 1
-0.055556 1
-0.381481 1
-0.811111 1
-1.374074 1
-1.7 1
-1.7 1
-1.7 1
-1.7 1
-1.7 1
-1.7 1
-1.7 1
-1.7 1
-1.7 1
-1.7 1
-1.7 1
-1.7 1
-1.7 1
-1.7 1
-1.7 1
-1.7 1
-1.7 1
-1.7 1
-1.7 1
-1.7 1
-1.7 1
-1.7 1
-1.7 1
-1.7 1
-1.7 1
-1.7 1
-1.492593 1
-1.107407 1
-0.411111 1
0 1
0 1
0 1
0 1
0 1
0 1
0 1
0 1
0 1
0 1
0 1
0 1
0 1
0 1
0.159259 1
0.396296 1
0.781482 1
1.359259 1
1.7 1
1.7 1
1.7 1
1.7 1
1.7 1
1.7 1
1.7 1
1.7 1
1.7 1
1.7 1
1.7 1
1.7 1
1.7 1
1.7 1
1.7 1
1.7 1
1.7 1
1.7 1
1.7 1
1.7 1
1.7 1
1.7 1
1.7 1
1.7 1
1.7 1
1.7 1
1.7 1
1.7 1
1.7 1
1.7 1
1.7 1
1.7 1
1.7 1
1.7 1
1.7 1
1.7 1
1.7 1
1.7 1
1.7 1
1.7 1
1.7 1
1.7 1
1.7 1
1.7 1
1.418519 1
1.003704 1
0.455556 1
0.011111 1
0 1
0 1
0 1
0 1
0 1
0 1
0 1
-0.262963 1
-0.692593 1
-1.196296 1
-1.655556 1
-1.7 1
-1.7 1
-1.7 1
-1.7 1
-1.7 1
-1.7 1
-1.359259 1
-0.87037 1
-0.1 1
0 1
0 1
0 1
0 1
0 1
0 1
0 1
0 1
0 1
0 1
0 1
0 1
0.322222 1
0.633333 1
0.92963 1
0.988889 1
1.003704 1
1.003704 1
1.003704 1
1.003704 1
0.944444 1
0.648148 1
0.159259 1
0 1
0 1
0 1
0 1
0 1
0 1
0 1
0 1
0 1
0 1
0 1
0 1
0 1
0 1
0 1
0 1
0 1
0 1
0 1
0 1
0 1
0 1
-0.203704 1
-0.411111 1
-0.692593 1
-1.211111 1
-1.685185 1
-1.7 1
-1.7 1
-1.7 1
-1.7 1
-1.655556 1
-1.374074 1
-1.077778 1
-0.544444 1
-0.011111 1
0 1
0 1
0 1
0 1
0 1
0 1
0 1
0 1
0 1
0 1
0 1
0 1
0 1
0 1
0 1
0 1
0 1
0 1
0 1
0 1
0 1
0 1
0 1
0 1
-0.188889 1
-0.485185 1
-0.840741 1
-1.122222 1
-1.255556 1
-1.240741 1
-1.137037 1
-0.840741 1
-0.381481 1
-0.011111 1
0 1
0 1
0 1
0 1
0 1
0 1
0 1
0 1
0 0.921569
0 0.647059
0 0.224401
1.448148 0.071895
1.418519 0.433551
1.359259 0.67756
1.314815 0.917211
1.314815 1
1.314815 1
1.3 1
1.211111 1
1.137037 1
1.003704 1
0.796296 1
0.677778 1
0.662963 1
0.677778 1
0.677778 1
0.544445 1
0.440741 1
0.351852 1
0.292593 1
0.292593 1
0.307408 1
0.307408 1
0.307408 1
0.366667 1
0.411111 1
0.440741 1
0.692593 1
0.9 1
1.018519 1
1.092593 1
1.181482 1
1.196296 1
1.211111 1
1.196296 1
1.196296 1
1.196296 1
1.181482 1
1.196296 1
1.196296 0.83878
1.196296 0.633987
1.181482 0.372549
1.033333 0.137255
0 -0.294118
0 -0.947712
0 -1
0 -1
0 -1
0 -1
0 -1
0 -0.860566
0 -0.246187
