   1.6719173e-02   7.8520648e-01
   2.2887610e-02   7.8381836e-01
   3.1345667e-02   7.8183558e-01
   5.0023254e-02   7.7703406e-01
   6.9739830e-02   7.7133415e-01
   8.7458768e-02   7.6566861e-01
   1.0359134e-01   7.6010467e-01
   1.1849214e-01   7.5469765e-01
   1.3246398e-01   7.4949141e-01
   1.4575396e-01   7.4451873e-01
   1.5855898e-01   7.3980259e-01
   1.7103542e-01   7.3535777e-01
   1.8330097e-01   7.3119162e-01
   1.9544236e-01   7.2730570e-01
   2.0752245e-01   7.2369748e-01
   2.1957910e-01   7.2036019e-01
   2.3688772e-01   7.1511178e-01
   2.5491813e-01   7.1012982e-01
   2.7378341e-01   7.0542176e-01
   2.9357912e-01   7.0098613e-01
  -8.0168776e-02   4.8866213e-01
  -5.9623085e-04   4.8272517e-01
   7.7366597e-02   4.7774408e-01
   1.4632768e-01   4.7530824e-01
   1.9686113e-01   4.7726008e-01
   2.2175585e-01   4.8497396e-01
   2.1653093e-01   4.9925629e-01
   1.9759361e-01   5.1837827e-01
   1.6905074e-01   5.4005353e-01
   1.4387651e-01   5.6124525e-01
   1.3305968e-01   5.7966060e-01
   1.4114618e-01   5.9435744e-01
   1.6496509e-01   6.0558606e-01
   2.0131166e-01   6.1416777e-01
   2.4706940e-01   6.2087070e-01
   3.9403190e-01   6.2227877e-01
   2.5167682e-01   7.5797762e-01
   2.7107737e-01   7.6727317e-01
   2.9290645e-01   7.7640931e-01
   3.2001813e-01   7.8540399e-01
   3.5176986e-01   7.9419994e-01
   3.8659227e-01   8.0271320e-01
   4.2446830e-01   8.1091214e-01
   4.6521269e-01   8.1881653e-01
   5.0517348e-01   8.2476475e-01
   5.3258938e-01   8.2184769e-01
   5.5453426e-01   8.1301162e-01
   5.9336574e-01   7.9614027e-01
   9.5643372e-01   8.5637690e-01
   7.7461930e-01   7.9438616e-01
   7.0651162e-01   7.5786072e-01
   6.8092351e-01   7.4084257e-01
   6.9616119e-01   7.3466692e-01
   3.8297952e-01   7.3427330e-01
   3.5097832e-01   7.4653333e-01
   3.0771780e-01   7.6329603e-01
   2.5930679e-01   7.9192673e-01
   4.8656403e-01   8.3613700e-01
   4.9939282e-01   8.4433277e-01
   5.3303883e-01   8.5174590e-01
   5.8193933e-01   8.5861206e-01
   6.2434302e-01   8.6543243e-01
   6.8066467e-01   8.7453082e-01
   6.7714126e-01   8.8458786e-01
   6.8646939e-01   8.9030880e-01
   5.7190881e-01   9.3900198e-01
   5.0427243e-01   9.5835833e-01
   4.3736174e-01   9.7698781e-01
   3.8125046e-01   9.9306486e-01
   3.3733368e-01   1.0063606e+00
   2.9924945e-01   1.0179060e+00
   2.6695134e-01   1.0276735e+00
   2.4143459e-01   1.0355331e+00
   2.2081199e-01   1.0418217e+00
   2.0302169e-01   1.0468687e+00
   1.8721171e-01   1.0507867e+00
   1.7397953e-01   1.0536516e+00
   1.6117928e-01   1.0557156e+00
   1.4792240e-01   1.0571212e+00
   1.3367228e-01   1.0577633e+00
   1.1838768e-01   1.0562262e+00
   1.0370616e-01   1.0508446e+00
   9.5257944e-02   1.0393828e+00
   9.8292587e-02   1.0271539e+00
   1.1970180e-01   1.0119474e+00
   1.5524825e-01   9.9778029e-01
   2.0943276e-01   9.8245549e-01
  -5.8542237e-01   9.1142408e-01
  -5.0473593e-01   9.0154978e-01
  -4.5986422e-01   8.9850760e-01
  -4.1007831e-01   8.9563085e-01
  -3.5766395e-01   8.9301803e-01
  -2.6588928e-01   8.8910803e-01
  -8.8963847e-01   9.3497661e-01
  -8.7753590e-01   9.3085453e-01
  -8.6135658e-01   9.2697442e-01
  -8.4287963e-01   9.2353087e-01
  -8.2289383e-01   9.1982261e-01
  -8.1162510e-01   9.1052713e-01
  -8.1563751e-01   8.9637237e-01
  -3.4783886e-01   6.9206749e-01
  -1.5194918e-01   6.7028536e-01
   7.2268405e-03   6.5388168e-01
   1.6283207e-01   6.4079758e-01
   2.9770143e-01   6.3266872e-01
   4.0049746e-01   6.2931566e-01
   3.9928905e-01   6.3078003e-01
  -9.3890180e-01   6.3039638e-01
  -1.0481790e+00   6.5190654e-01
  -1.1611111e+00   6.7124921e-01
  -1.2597187e+00   6.8661472e-01
  -1.3474005e+00   6.9860987e-01
  -1.4180906e+00   7.0649981e-01
  -1.5004592e+00   7.1212606e-01
  -2.2412593e+00   7.6038840e-01
  -2.2241142e+00   7.5222785e-01
  -2.1969629e+00   7.4149879e-01
  -5.5037893e-01   5.7776281e-01
  -7.6394773e-01   6.0375955e-01
  -7.8941769e-01   6.0625750e-01
  -7.9460168e-01   6.0982451e-01
  -7.7874381e-01   6.1231256e-01
  -7.4336345e-01   6.1354364e-01
  -6.6089480e-01   6.1140629e-01
  -5.6977415e-01   6.1055528e-01
  -4.7282059e-01   6.1072592e-01
  -3.7209890e-01   6.1176841e-01
  -2.7001601e-01   6.1357960e-01
  -1.6909830e-01   6.1610279e-01
  -5.5516166e-02   6.4278251e-01
   4.9533971e-02   6.4583573e-01
   1.5120293e-01   6.4936987e-01
   2.4659337e-01   6.5334577e-01
   3.3213274e-01   6.5777900e-01
   4.0347134e-01   6.6274196e-01
   4.5799886e-01   6.6824983e-01
   4.9112617e-01   6.7442066e-01
   4.9794417e-01   6.8139915e-01
   4.7367005e-01   6.8933679e-01
   4.1445533e-01   6.9835835e-01
   3.6713003e-01   7.0700219e-01
   3.1307271e-01   7.1577823e-01
   2.7968579e-01   7.1934720e-01
   2.1513370e-01   7.1797377e-01
   1.8913858e+00   5.8978994e-01
   1.9063649e+00   5.9506665e-01
   1.9391241e+00   6.0205653e-01
   1.9744861e+00   6.1380039e-01
   2.0032999e+00   6.3312514e-01
   2.0091947e+00   6.5653693e-01
   2.0271442e+00   6.9941066e-01
   2.0359062e+00   7.5255974e-01
   1.9959892e+00   7.6521257e-01
   1.9505806e+00   7.7810751e-01
   1.8975231e+00   7.9030694e-01
   1.8390920e+00   8.0469468e-01
   1.7762612e+00   8.2696099e-01
   1.7336105e+00   8.6760763e-01
   1.6883666e+00   9.0696634e-01
   1.6207409e+00   9.6057897e-01
   1.5490183e+00   9.6767213e-01
   1.4322088e+00   9.7901533e-01
   7.6055843e-01   7.7902767e-01
   4.9220460e-01   7.7256532e-01
   3.5392159e-01   7.7029293e-01
   3.4491152e-01   7.6109060e-01
   4.9514521e-01   7.1965491e-01
   8.3144480e-01   6.5364083e-01
   1.0113949e+00   6.2587280e-01
   1.0962929e+00   6.1673569e-01
   1.1237933e+00   6.1514048e-01
   1.1310786e+00   6.1460993e-01
   1.1313875e+00   6.1507990e-01
   1.1309157e+00   6.1501537e-01
   1.1324821e+00   6.1490402e-01
   1.1330913e+00   6.1566240e-01
   1.1332783e+00   6.1661435e-01
   1.1326224e+00   6.1759251e-01
   1.1345752e+00   6.1800026e-01
   1.1399637e+00   6.1711298e-01
   1.1451555e+00   6.1475636e-01
   1.1461911e+00   6.1007349e-01
   1.1425738e+00   6.0279994e-01
   1.1351841e+00   5.9446782e-01
   1.1258507e+00   5.8655362e-01
   1.1195494e+00   5.8155969e-01
   1.1184928e+00   5.8163801e-01
   1.1176496e+00   5.8705096e-01
   1.1078930e+00   5.9607897e-01
   1.0841496e+00   6.0776294e-01
   1.0435802e+00   6.2268705e-01
   9.8775291e-01   6.4180315e-01
   9.0955844e-01   6.6570613e-01
   8.1118278e-01   6.9312808e-01
   7.0296784e-01   7.2196074e-01
  -3.8225887e-01   9.4639920e-01
  -3.7623545e-01   9.5012857e-01
  -3.6809641e-01   9.5321896e-01
  -3.5700064e-01   9.5575262e-01
  -3.4385714e-01   9.5775258e-01
  -3.3024237e-01   9.5916538e-01
  -3.1836017e-01   9.5996170e-01
  -3.1178333e-01   9.6012054e-01
  -3.0409256e-01   9.5855435e-01
  -3.0099269e-01   9.5530013e-01
  -3.0727455e-01   9.4795193e-01
   2.1403588e-01   8.2468386e-01
   1.3287559e-01   8.1503304e-01
   8.1374037e-02   8.0502977e-01
   2.6576002e-01   8.0788620e-01
   4.3705337e-01   8.1421226e-01
   5.5760480e-01   8.2677550e-01
   5.7572944e-01   8.2091927e-01
   6.6753642e-01   8.1321293e-01
   6.2064629e-01   8.2869685e-01
   5.5959856e-01   8.4399689e-01
   5.0790129e-01   8.5718706e-01
   4.5848237e-01   8.6864961e-01
   4.0947772e-01   8.7875045e-01
   3.6968782e-01   8.8669279e-01
   3.3744621e-01   8.9277933e-01
   3.1067436e-01   8.9747207e-01
   2.7933736e-01   9.0168521e-01
   2.0600782e-01   9.0541624e-01
   1.4449905e-01   9.0826633e-01
   8.4947688e-01   9.2623147e-01
   8.3867858e-01   9.2445683e-01
   8.3049569e-01   9.2271407e-01
   8.2585694e-01   9.2103914e-01
   8.2491770e-01   9.1945403e-01
   8.2684610e-01   9.1796992e-01
   8.3190378e-01   9.1659438e-01
   8.4003936e-01   9.1533825e-01
   8.5248553e-01   9.1413185e-01
   8.6848143e-01   9.1300743e-01
   8.8687606e-01   9.1199638e-01
   8.9969677e-01   9.1094031e-01
   9.1666178e-01   9.0866588e-01
   9.0065068e-01   9.0553802e-01
   6.5811879e-01   9.0371232e-01
   6.4428540e-01   9.0148270e-01
   6.7168708e-01   9.0090370e-01
   7.4410134e-01   9.0211420e-01
   8.1859070e-01   9.0234128e-01
   1.0470287e+00   9.0474989e-01
   1.0037591e+00   9.1008409e-01
   9.6180925e-01   9.1701164e-01
   1.0681258e+00   8.5052753e-01
   8.8619847e-01   8.6498417e-01
   7.5400061e-01   8.7859729e-01
   6.9040155e-01   8.8845972e-01
   6.9009302e-01   8.9224516e-01
   7.1777818e-01   8.9170995e-01
   7.4398272e-01   8.9106414e-01
   7.6794603e-01   8.9031989e-01
   7.8843532e-01   8.8952435e-01
   8.0127100e-01   8.8881765e-01
   8.6034605e-01   8.8680875e-01
   9.0918216e-01   8.8580607e-01
   9.3866007e-01   8.8610707e-01
   9.7270241e-01   8.8911965e-01
   9.6915687e-01   9.0276629e-01
   6.0796924e-01   1.0160560e+00
   5.5989406e-01   1.0070039e+00
   4.8870906e-01   1.0016580e+00
   4.0321053e-01   9.9813318e-01
   3.2183430e-01   9.9916652e-01
   1.8792365e-01   1.0135255e+00
   7.3165774e-02   9.7637032e-01
  -3.3977833e-02   9.8562468e-01
  -1.2501917e-01   9.9519597e-01
  -1.8196811e-01   1.0087384e+00
  -2.0496480e-01   1.0095348e+00
  -2.2401367e-01   1.0092325e+00
  -2.4336943e-01   1.0093174e+00
  -2.6344908e-01   1.0098000e+00
  -2.8471564e-01   1.0107029e+00
  -3.0685454e-01   1.0120374e+00
  -3.2840952e-01   1.0137719e+00
  -3.5348410e-01   1.0159308e+00
  -3.8261268e-01   1.0185150e+00
  -4.1627027e-01   1.0215191e+00
  -4.5464828e-01   1.0247670e+00
  -4.9682722e-01   1.0274946e+00
  -5.4352711e-01   1.0296568e+00
  -5.9529664e-01   1.0305069e+00
  -6.5111925e-01   1.0281253e+00
  -6.9561717e-01   1.0180772e+00
  -6.7542149e-01   9.9954254e-01
  -5.6226136e-01   9.7557312e-01
  -4.8972659e-01   9.6206546e-01
  -3.6897260e-01   9.5280586e-01
  -3.5186051e-01   9.5067165e-01
  -5.7405222e-01   9.5520187e-01
  -1.3467233e+00   9.4508252e-01
  -1.2986425e+00   9.4187060e-01
  -1.2186217e+00   9.3751714e-01
  -1.1072778e+00   9.3258564e-01
  -9.2284170e-01   9.2524870e-01
  -6.4383952e-01   8.8819950e-01
  -6.3105776e-01   8.8788819e-01
  -6.1587031e-01   8.8604242e-01
  -5.9522545e-01   8.8513669e-01
  -5.6846095e-01   8.8690714e-01
  -5.7974057e-01   8.9483440e-01
  -2.1051931e-01   9.8767773e-01
  -6.5210260e-02   9.7261494e-01
  -8.8009626e-02   9.6650180e-01
  -1.6036249e-01   9.6080546e-01
   2.2912690e-02   9.9184870e-01
  -2.1007722e-03   9.8844986e-01
  -3.1821308e-02   9.9051557e-01
  -4.2215771e-02   9.8998929e-01
   3.0922350e-02   1.0065146e+00
   3.2863128e-02   1.0032516e+00
   2.4659955e-01   9.5282981e-01
   5.5974869e-01   9.1848695e-01
   6.8436557e-01   9.0843469e-01
   7.4341130e-01   9.0528848e-01
   7.7205789e-01   9.0508002e-01
   7.8038926e-01   9.0603413e-01
   7.8762873e-01   9.0702790e-01
   7.9361520e-01   9.0805699e-01
   7.9817916e-01   9.0913020e-01
   7.9910839e-01   9.0988893e-01
   7.9565372e-01   9.1042458e-01
   1.0038750e+00   8.5757668e-01
   1.1352077e+00   8.2499967e-01
   1.2335424e+00   8.0135967e-01
   1.2873900e+00   7.8743526e-01
   1.2877069e+00   7.7903152e-01
   1.4196675e+00   7.3432923e-01
   1.3231157e+00   7.4251712e-01
   5.4408419e-01   8.0488337e-01
   3.4393165e-01   8.2863769e-01
   3.4808429e-01   8.3300717e-01
   3.5768615e-01   8.3698695e-01
   3.7070692e-01   8.3932535e-01
   3.9421570e-01   8.3830639e-01
   2.9522198e-01   8.2133284e-01
   4.0081246e-01   8.1430973e-01
   5.5684991e-01   8.0594492e-01
   1.0293073e+00   7.8142846e-01
   1.2891688e+00   7.7241576e-01
   1.3204282e+00   7.7801968e-01
   1.3501952e+00   7.8356113e-01
   1.3764181e+00   7.8903677e-01
   1.3983449e+00   7.9447881e-01
   1.4151208e+00   7.9992975e-01
   1.4257686e+00   8.0544244e-01
   1.4253514e+00   8.1128687e-01
   1.4158437e+00   8.1733503e-01
   1.3961504e+00   8.2365880e-01
   1.3646444e+00   8.3041787e-01
   1.3244661e+00   8.3778433e-01
   1.2834662e+00   8.4471572e-01
   1.2478672e+00   8.5074298e-01
   1.2221869e+00   8.5515935e-01
   1.1837654e+00   8.5898191e-01
   1.1577030e+00   8.6244870e-01
   1.1552177e+00   8.6627100e-01
   1.1716480e+00   8.6934017e-01
   1.1630732e+00   8.7321792e-01
   1.1649236e+00   8.7664039e-01
   1.1768723e+00   8.7969584e-01
   1.1841934e+00   8.8321622e-01
   1.1942693e+00   8.8672737e-01
   1.2063294e+00   8.8854850e-01
   1.2374513e+00   8.9265438e-01
   1.2587510e+00   8.9792396e-01
   1.2521353e+00   9.0196593e-01
   1.2396776e+00   9.0556508e-01
   1.2232931e+00   9.0634220e-01
   1.1764269e+00   9.0539014e-01
   1.2406516e+00   8.9361237e-01
   1.0942958e+00   8.7626907e-01
   1.0797352e+00   8.6690810e-01
   1.1631125e+00   8.6875388e-01
   1.2257535e+00   8.7309780e-01
   1.2818777e+00   8.7928484e-01
   1.3431914e+00   8.8726243e-01
   1.3898891e+00   8.9489619e-01
   1.4269720e+00   9.0234609e-01
   1.4572872e+00   9.0996497e-01
   1.4928316e+00   9.2064546e-01
   1.5246617e+00   9.3177798e-01
   1.5535144e+00   9.4345601e-01
   1.5792443e+00   9.5377343e-01
   1.6034680e+00   9.6338282e-01
   1.6265480e+00   9.7548038e-01
   1.6468771e+00   9.9061861e-01
   1.6651142e+00   9.9787802e-01
   1.6683420e+00   9.8941971e-01
   1.6324254e+00   9.5832455e-01
   1.5435334e+00   9.2679864e-01
   1.1380244e+00   8.5863558e-01
   7.9590469e-01   8.2104716e-01
   4.5809978e-01   8.0948427e-01
   2.2699999e-01   8.5709296e-01
   9.0831722e-02   9.6337416e-01
   6.4638304e-01   9.0136496e-01
   6.0219590e-01   9.0749134e-01
   5.3568727e-01   9.1593125e-01
   4.9950056e-01   9.2326010e-01
   4.8413015e-01   9.2929220e-01
   4.7703086e-01   9.3466038e-01
   4.6924241e-01   9.4001010e-01
   7.2235916e-03   1.0353890e+00
  -3.0507188e-03   1.0404521e+00
  -8.3914936e-03   1.0442858e+00
  -9.6731034e-03   1.0470765e+00
  -7.7000237e-03   1.0489961e+00
  -3.1762858e-03   1.0501958e+00
   3.3053477e-03   1.0508036e+00
   1.1245723e-02   1.0509297e+00
   2.0288837e-02   1.0506424e+00
   3.0112577e-02   1.0500113e+00
   4.0455284e-02   1.0490967e+00
   5.1115703e-02   1.0479461e+00
   6.1944363e-02   1.0465975e+00
   7.2832464e-02   1.0450854e+00
   8.3741593e-02   1.0434606e+00
   9.4605130e-02   1.0417113e+00
   1.0538685e-01   1.0398506e+00
   1.1606435e-01   1.0378891e+00
   1.2662445e-01   1.0358355e+00
   1.3685397e-01   1.0337093e+00
   1.4428819e-01   1.0316262e+00
   1.5139373e-01   1.0294768e+00
   1.5820670e-01   1.0272727e+00
   1.6474186e-01   1.0250196e+00
   1.7093677e-01   1.0227084e+00
   1.7649217e-01   1.0201738e+00
   1.8557681e-01   1.0173942e+00
   1.9468645e-01   1.0145735e+00
   2.0384106e-01   1.0117158e+00
   2.1306426e-01   1.0088242e+00
   2.2237736e-01   1.0059019e+00
   2.3180359e-01   1.0029522e+00
   2.3687842e-01   1.0002136e+00
   2.4138298e-01   9.9748666e-01
   2.4160733e-01   9.9378823e-01
   2.4146747e-01   9.8997848e-01
   2.4136236e-01   9.8614032e-01
   2.4091753e-01   9.8234361e-01
   2.4520340e-01   9.2901779e-01
   2.1185493e-01   9.2685425e-01
   1.8151858e-01   9.2485363e-01
   1.5473758e-01   9.2302878e-01
   1.3201111e-01   9.2139061e-01
   1.1377190e-01   9.1994820e-01
   9.9696503e-02   9.1873944e-01
   8.7997105e-02   9.1787873e-01
   7.7461077e-02   9.1755316e-01
   6.8521033e-02   9.1762166e-01
   6.9526474e-02   9.1792595e-01
   7.2674163e-02   9.1854612e-01
   7.6194839e-02   9.1950336e-01
  -3.7645672e-01   9.2837564e-01
  -4.5407836e-01   9.2528227e-01
  -5.3737811e-01   9.2285557e-01
  -6.2973326e-01   9.2129721e-01
  -7.3192151e-01   9.2077210e-01
  -8.4257580e-01   9.2131750e-01
  -9.6124220e-01   9.2296974e-01
  -5.4897383e-01   9.4041806e-01
  -1.1585087e+00   9.2912555e-01
  -1.2307104e+00   9.3275843e-01
  -1.2599373e+00   9.3563832e-01
  -1.1432973e+00   8.8513683e-01
  -1.1858413e+00   9.3827386e-01
  -8.8817083e-01   9.2689141e-01
  -6.0601655e-01   9.0403998e-01
  -3.4753459e-01   9.5998233e-01
  -3.8619945e-01   9.3738604e-01
  -6.1614976e-01   9.2432417e-01
  -4.1967107e-01   9.1491467e-01
  -1.1189823e-02   9.1802900e-01
  -4.1049495e-02   9.5864531e-01
  -4.7508913e-01   1.1170472e+00
  -1.2647152e-01   1.1206571e+00
   1.2477695e-01   1.1121961e+00
   1.6382724e-01   1.0920189e+00
   1.3707629e-01   1.0574390e+00
   1.0043165e-01   1.0256736e+00
   8.9635693e-01   9.6456402e-01
   1.0079828e+00   9.5832313e-01
   7.5708275e-01   9.4258995e-01
   7.1996111e-01   9.4047810e-01
   6.8111576e-01   9.3831620e-01
   6.5443546e-01   9.3631362e-01
   6.2879775e-01   9.3460720e-01
   6.0152548e-01   9.3319946e-01
   5.7359791e-01   9.3211208e-01
   5.4590209e-01   9.3139607e-01
   5.1932573e-01   9.3102794e-01
   4.9385373e-01   9.3100079e-01
   4.6904512e-01   9.3130129e-01
   4.4786573e-01   9.3197151e-01
   4.5549134e-01   9.4163657e-01
   4.5723511e-01   9.5447803e-01
   1.0425314e+00   1.1584912e+00
   1.0670217e+00   1.1517652e+00
   1.0909811e+00   1.1464106e+00
   1.1077109e+00   1.1472129e+00
   1.1097146e+00   1.1609020e+00
   4.6625841e-01   9.5316562e-01
   4.8105577e-01   9.4388020e-01
   5.2401758e-01   9.4985172e-01
   5.8138286e-01   9.6494937e-01
   6.7165540e-01   9.8813087e-01
   6.9315383e-01   1.0047512e+00
   8.3444245e-01   1.0086393e+00
   6.5730537e-01   1.0082441e+00
   6.1999560e-01   1.0053034e+00
   5.8190920e-01   1.0021653e+00
   5.4159585e-01   9.9903442e-01
   5.1356206e-01   9.9574698e-01
   4.9108841e-01   9.9208011e-01
   4.6782262e-01   9.8825290e-01
   4.4407579e-01   9.8428441e-01
   4.2019054e-01   9.8019486e-01
   3.9575839e-01   9.7631355e-01
   3.7004924e-01   9.7278788e-01
   3.4424690e-01   9.6919423e-01
   3.1876027e-01   9.6555916e-01
   3.0504088e-01   9.6171958e-01
   3.2190836e-01   9.5773864e-01
   3.3231915e-01   9.5445572e-01
   3.3790414e-01   9.5181248e-01
   3.5575581e-01   9.5105287e-01
   3.6828344e-01   9.5320157e-01
   4.2965045e-01   1.0787654e+00
   4.4905442e-01   1.0720773e+00
   4.7078216e-01   1.0646770e+00
   4.9478987e-01   1.0566726e+00
   5.2154992e-01   1.0489987e+00
   5.5115409e-01   1.0416931e+00
   5.8348250e-01   1.0347476e+00
   6.1441253e-01   1.0292984e+00
   6.4670729e-01   1.0242329e+00
   6.7270797e-01   1.0204245e+00
   6.5869173e-01   1.0219548e+00
   6.1723408e-01   1.0302520e+00
   5.7059006e-01   1.0363762e+00
   4.8423367e-01   1.0462531e+00
   3.6701039e-01   1.0623980e+00
   2.7204438e-01   9.7424436e-01
   2.8160416e-01   9.9721090e-01
   3.0311367e-01   1.0138217e+00
   3.1180991e-01   1.0155208e+00
   2.3419879e-01   1.0054511e+00
   2.1801172e-01   1.0401699e+00
   2.0546232e-01   1.0369273e+00
   2.1108961e-01   1.0344228e+00
   2.1625086e-01   1.0317108e+00
   2.0121811e-01   9.7481506e-01
   2.2964158e-01   9.7344617e-01
   2.6026894e-01   9.7247119e-01
   2.9231625e-01   9.7224436e-01
   3.2202037e-01   9.7183021e-01
   3.4913134e-01   9.7123886e-01
   3.6772291e-01   9.7077736e-01
   3.9694028e-01   9.6957839e-01
   4.2785070e-01   9.6797012e-01
   4.5814215e-01   9.6606640e-01
   4.8780599e-01   9.6389353e-01
   5.1690257e-01   9.6148165e-01
   5.5218359e-01   9.5867001e-01
   6.1193338e-01   9.5513518e-01
   6.6721682e-01   9.5183660e-01
   5.2063964e-01   9.6908889e-01
   5.4073477e-01   9.6520370e-01
   5.6408308e-01   9.6157628e-01
   5.9090196e-01   9.5821864e-01
   6.2593593e-01   9.5582831e-01
   6.5244608e-01   9.5476788e-01
   6.5518141e-01   9.5561349e-01
   6.3448658e-01   9.5871335e-01
   6.0249123e-01   9.6511904e-01
   5.2854127e-01   1.0988952e+00
   7.3782978e-01   8.7842484e-01
   5.3837483e-01   8.8776770e-01
   3.7390779e-01   8.9651388e-01
   2.5711993e-01   9.0347772e-01
   3.4801864e-01   9.6798970e-01
  -2.3692578e-01   1.0881423e+00
  -3.3194204e-01   1.1123801e+00
  -2.8250438e-01   1.1212066e+00
  -2.2387034e-01   1.1261737e+00
  -1.9204184e-01   1.1280083e+00
  -1.8148259e-01   1.1289659e+00
  -1.7833573e-01   1.1299347e+00
  -1.7522990e-01   1.1309122e+00
  -1.7222450e-01   1.1318982e+00
  -1.6932054e-01   1.1328586e+00
  -1.6561582e-01   1.1327556e+00
  -1.6162779e-01   1.1325631e+00
  -1.5731899e-01   1.1322786e+00
  -1.5265381e-01   1.1318995e+00
  -1.5919899e-01   1.1311161e+00
  -1.6887703e-01   1.1302228e+00
   2.1951658e-01   1.0153391e+00
   2.1794003e-01   1.0146285e+00
   1.9228793e-01   1.0193328e+00
   1.5485545e-01   1.0267516e+00
   1.1472677e-01   1.0343548e+00
   7.2574746e-02   1.0420263e+00
  -3.7792422e-01   1.1010965e+00
  -2.8956522e-01   1.0989520e+00
  -2.2772402e-01   1.0970363e+00
  -2.0707469e-01   1.0955958e+00
  -2.4087059e-01   1.0948558e+00
  -3.2971858e-01   1.0948488e+00
  -4.5065359e-01   1.0952480e+00
  -5.5617148e-01   1.0954947e+00
  -6.2622395e-01   1.0951920e+00
  -6.5347617e-01   1.0942074e+00
  -6.4724302e-01   1.0930356e+00
  -3.8216223e-01   1.0705495e+00
  -3.7383607e-01   1.0692946e+00
  -3.6844405e-01   1.0680161e+00
  -3.6814601e-01   1.0669028e+00
  -3.7995457e-01   1.0665697e+00
  -4.0466955e-01   1.0671787e+00
  -5.1766400e-01   1.0738373e+00
  -7.0099705e-01   1.1023720e+00
  -6.4063247e-01   1.0996495e+00
  -6.0523719e-01   1.0968917e+00
  -5.7016761e-01   1.0940310e+00
  -5.3601238e-01   1.0910723e+00
  -5.0306418e-01   1.0880190e+00
  -4.7157856e-01   1.0848749e+00
  -4.4178653e-01   1.0816438e+00
  -4.1388856e-01   1.0783294e+00
  -3.9045282e-01   1.0749923e+00
  -3.9928080e-01   1.0723374e+00
  -4.1614997e-01   1.0698801e+00
  -4.3191119e-01   1.0674160e+00
  -4.4504762e-01   1.0648859e+00
  -4.6005281e-01   1.0623422e+00
  -4.5252456e-01   1.0589921e+00
  -4.3923227e-01   1.0553587e+00
  -4.1711662e-01   1.0518363e+00
  -3.7920097e-01   1.0484518e+00
  -3.4094940e-01   1.0449234e+00
   3.1171872e-01   9.9849914e-01
   3.3020442e-01   9.9670049e-01
   3.4620167e-01   9.9480824e-01
   3.5958203e-01   9.9282680e-01
   3.7022971e-01   9.9076166e-01
   3.7804154e-01   9.8862059e-01
   3.6596004e-01   9.8673593e-01
   3.2755433e-01   9.8512970e-01
   2.8130366e-01   9.8342103e-01
   2.2780920e-01   9.8161342e-01
   4.5760832e-01   9.6219044e-01
   4.0507933e-01   9.5932359e-01
   3.5079304e-01   9.5657002e-01
   3.0879928e-01   9.5393327e-01
   2.5441551e-01   9.5154891e-01
   1.8252065e-01   9.5002645e-01
   1.3406556e-01   9.5065534e-01
   1.5014231e-02   9.5454729e-01
   2.7219167e-02   9.5383403e-01
   4.7010514e-01   9.3859931e-01
   8.6253759e-01   9.2639559e-01
   1.0239108e+00   9.2294584e-01
   1.0568287e+00   9.2509224e-01
   3.5236479e-01   9.4215649e-01
   2.9925617e-01   9.4945307e-01
   3.0644874e-01   9.5291149e-01
   3.1525912e-01   9.5642036e-01
   3.3277794e-01   9.5834067e-01
   3.4981876e-01   9.6150121e-01
   3.6348191e-01   9.6452738e-01
   3.5116455e-01   9.6609349e-01
   3.0228899e-01   9.6889236e-01
   2.4679517e-01   9.7144597e-01
   1.8777712e-01   9.7362846e-01
   1.2612826e-01   9.7543247e-01
   6.2702094e-02   9.7686206e-01
   1.9917210e-01   9.5861895e-01
   4.6918328e-01   9.4035658e-01
   6.4864420e-01   9.8219111e-01
   6.6052265e-01   9.7958981e-01
   6.7465864e-01   9.7711648e-01
   6.9044834e-01   9.7476190e-01
   7.0771951e-01   9.7253373e-01
   7.2831357e-01   9.7027505e-01
   7.2279348e-01   9.7097866e-01
   6.8564472e-01   9.7510216e-01
   6.2380273e-01   9.8245017e-01
   5.5172937e-01   9.9264464e-01
   4.9466900e-01   1.0011806e+00
   4.5056651e-01   1.0121038e+00
   4.2778085e-01   1.0204570e+00
   4.4756321e-01   1.0227878e+00
   4.4431977e-01   1.0235406e+00
   3.5386956e-01   1.0064826e+00
   2.7960130e-01   1.0018015e+00
   2.7251178e-01   1.0002612e+00
   2.8098236e-01   9.9972527e-01
   6.9067172e-01   1.0018117e+00
   7.1552588e-01   9.9829774e-01
   7.3113683e-01   9.9517111e-01
   7.4612113e-01   9.9203903e-01
   7.6090522e-01   9.8885449e-01
   7.7552675e-01   9.8562704e-01
   7.9093068e-01   9.8235964e-01
   8.0406781e-01   9.7918864e-01
   8.1916409e-01   9.7523515e-01
   8.0487297e-01   9.7080266e-01
   7.6381271e-01   9.6466616e-01
   6.9916302e-01   9.6087048e-01
   6.6395021e-01   9.5651611e-01
   6.5750708e-01   9.5207435e-01
  -2.9594867e-01   9.7277998e-01
   1.7719201e-01   9.6014438e-01
   3.2042805e-01   9.5604734e-01
   3.3147201e-01   9.5438956e-01
   2.1915508e-01   9.5532843e-01
   6.0176959e-02   9.5689946e-01
  -7.0957357e-02   9.5779367e-01
   7.9174701e-01   9.1856433e-01
   7.8741940e-01   9.1498091e-01
   7.9388588e-01   9.1204257e-01
   8.0917267e-01   9.0964952e-01
   8.3880970e-01   9.0831995e-01
   8.8991598e-01   9.0915032e-01
   9.5443853e-01   9.1275188e-01
   1.0061596e+00   9.1890724e-01
   1.0084330e+00   9.3966720e-01
   1.0092072e+00   9.3423634e-01
   1.1031354e+00   9.1077824e-01
   1.1322995e+00   8.9314436e-01
   1.0146956e+00   9.0233452e-01
   7.7768350e-01   9.3527009e-01
   1.8433662e-01   1.0772114e+00
   9.4278393e-02   1.0960879e+00
   5.6819518e-02   1.0969894e+00
   1.2080495e-01   1.0921688e+00
   1.9793064e-01   1.0869322e+00
   2.6906704e-01   1.0819838e+00
   3.1678013e-01   1.0782672e+00
   3.5163084e-01   1.0750736e+00
   3.8066344e-01   1.0719750e+00
   4.0410097e-01   1.0689581e+00
   4.2224556e-01   1.0660076e+00
   4.3655604e-01   1.0630550e+00
   4.4777663e-01   1.0599821e+00
   4.5487889e-01   1.0567255e+00
   4.5102329e-01   1.0532071e+00
   4.2092976e-01   1.0485207e+00
   3.6632035e-01   1.0417088e+00
   4.8693170e-02   9.8922792e-01
   7.0169535e-02   9.8041012e-01
   1.4736550e-02   9.6993371e-01
  -2.6109842e-01   9.7051492e-01
  -3.5481872e-01   9.4835630e-01
  -4.1763919e-01   9.2992140e-01
  -4.3070409e-01   9.2307818e-01
  -4.2603896e-01   9.2479458e-01
  -4.2171362e-01   9.2803124e-01
  -4.2131501e-01   9.3232897e-01
  -4.2661312e-01   9.3772291e-01
  -4.3907153e-01   9.4419441e-01
  -4.6011918e-01   9.5171859e-01
  -4.9266363e-01   9.6080240e-01
  -5.4328080e-01   9.7240671e-01
  -6.0763475e-01   9.8508580e-01
  -6.8514749e-01   9.9845779e-01
  -7.5940908e-01   1.0102372e+00
  -8.0952558e-01   1.0180564e+00
  -8.2694602e-01   1.0212031e+00
  -8.1856930e-01   1.0210570e+00
  -8.0383930e-01   1.0206528e+00
  -7.6565266e-01   1.0154952e+00
  -7.5089520e-01   1.0183675e+00
  -7.1025127e-01   1.0175116e+00
  -6.3927573e-01   1.0107816e+00
  -5.6295454e-01   1.0056955e+00
  -4.9356623e-01   9.9483647e-01
  -4.6449162e-01   9.8825705e-01
  -4.7183538e-01   9.7925278e-01
  -5.7205563e-01   9.7359748e-01
  -7.1133155e-01   9.7053803e-01
  -7.7255950e-01   9.6912760e-01
  -8.3776527e-01   9.6794943e-01
  -9.0794362e-01   9.6867893e-01
  -9.1797467e-01   9.6993814e-01
  -9.0904545e-01   9.7145794e-01
  -8.7649386e-01   9.7340200e-01
  -8.3919198e-01   9.7558128e-01
  -8.0047361e-01   9.7833931e-01
  -7.7220643e-01   9.8255765e-01
  -7.5872369e-01   9.8807972e-01
  -7.6195997e-01   9.9451796e-01
  -7.8296212e-01   1.0018590e+00
  -8.1478890e-01   1.0098296e+00
  -8.6269040e-01   1.0185318e+00
  -9.2376582e-01   1.0276650e+00
  -9.9463849e-01   1.0369645e+00
  -1.0712316e+00   1.0461262e+00
  -1.1542941e+00   1.0546339e+00
  -1.2608707e+00   1.0627683e+00
  -1.3736307e+00   1.0697258e+00
  -1.4787531e+00   1.0759617e+00
  -1.5669067e+00   1.0802264e+00
  -1.6528391e+00   1.0845422e+00
  -1.7517941e+00   1.0902538e+00
  -1.8283768e+00   1.0948770e+00
  -1.8612260e+00   1.0986842e+00
  -1.7807613e+00   1.0982274e+00
  -1.6034564e+00   1.0922194e+00
  -1.4282276e+00   1.0821485e+00
  -1.4389511e+00   1.0629364e+00
  -2.6175263e+00   1.0338740e+00
  -2.5666712e+00   1.0185877e+00
  -2.3758065e+00   9.8713790e-01
  -1.9251933e+00   9.3108723e-01
  -9.9021100e-01   9.3671328e-01
  -1.0911549e+00   8.7982880e-01
  -1.0241676e+00   8.5173949e-01
  -9.8131534e-01   8.7979836e-01
  -8.5240917e-01   9.1080311e-01
  -5.5693972e-01   9.5949414e-01
  -3.2695525e-01   1.1316797e+00
  -9.7308343e-02   1.1160068e+00
  -1.7811911e-01   1.1189952e+00
  -1.9793525e-01   1.1162105e+00
  -1.7988817e-01   1.1110089e+00
  -1.5795640e-01   1.1058028e+00
  -1.3472426e-01   1.1005901e+00
  -1.1044454e-01   1.0953850e+00
  -8.5334897e-02   1.0901977e+00
  -5.9604200e-02   1.0850361e+00
  -3.9773116e-02   1.0805798e+00
  -2.7889054e-02   1.0769468e+00
  -1.8531627e-02   1.0735442e+00
  -9.1171530e-03   1.0700898e+00
   3.6542504e-04   1.0665845e+00
   9.9258041e-03   1.0630291e+00
   1.9574468e-02   1.0594244e+00
   2.9325155e-02   1.0557708e+00
   3.9188266e-02   1.0520691e+00
   4.9366884e-02   1.0484361e+00
   6.0378506e-02   1.0451450e+00
   7.1634179e-02   1.0418068e+00
   8.3151419e-02   1.0384224e+00
   9.4945500e-02   1.0349926e+00
   1.0713877e-01   1.0315099e+00
   1.3567649e-01   1.0275810e+00
   1.7100264e-01   1.0232012e+00
   2.3459204e-01   9.1328821e-01
   2.5904864e-01   9.1116720e-01
   2.8333681e-01   9.0899465e-01
   3.0731117e-01   9.0726630e-01
   3.3074632e-01   9.0578909e-01
   3.5357403e-01   9.0428811e-01
   3.7502391e-01   9.0321705e-01
   3.9577532e-01   9.0212240e-01
   4.2001865e-01   9.0075216e-01
   4.8428699e-01   9.5238684e-01
   5.1570747e-01   9.4978874e-01
   5.4681877e-01   9.4734424e-01
   5.7820868e-01   9.4518152e-01
   7.2406308e-01   9.4105180e-01
   6.7873565e-01   9.5850425e-01
   7.1942322e-01   9.5465341e-01
   7.5850777e-01   9.5155165e-01
   8.0015844e-01   9.4876629e-01
   8.4477905e-01   9.4627580e-01
   8.9795658e-01   9.4448189e-01
   9.5421977e-01   9.4316064e-01
   1.0089749e+00   9.4229084e-01
   1.0530903e+00   9.4211004e-01
   1.0793679e+00   9.4286631e-01
   1.0867142e+00   9.4351205e-01
   8.2644297e-01   9.6108395e-01
   8.3521325e-01   9.3931382e-01
   8.3176895e-01   9.3124179e-01
   8.4147737e-01   9.3130587e-01
   8.5728286e-01   9.3725734e-01
   8.7770035e-01   9.4415213e-01
   6.6854907e-01   9.8512482e-01
   2.2104366e-01   1.1104466e+00
   1.5336339e-01   1.1005858e+00
   9.7746520e-02   1.0781465e+00
   4.9281435e-02   1.0531311e+00
  -2.9647659e-03   1.0273827e+00
   1.1919759e-02   9.7034922e-01
   3.9085150e-02   9.6358137e-01
   9.2723438e-02   9.5700790e-01
   1.4895588e-01   9.5034445e-01
   2.0779247e-01   9.4359861e-01
   2.7957666e-01   9.3659815e-01
   3.0293533e-01   9.3145198e-01
   3.1237407e-01   9.2687538e-01
   2.8105977e-01   9.2445613e-01
   2.4107656e-01   9.2240390e-01
   1.9412905e-01   9.2061091e-01
   1.3930839e-01   9.1911360e-01
  -1.3240246e-01   9.4222391e-01
  -1.7831092e-01   9.3794630e-01
  -2.3367114e-01   9.3395988e-01
  -2.8916837e-01   9.3013008e-01
  -3.4350433e-01   9.2654126e-01
  -3.7941891e-01   9.2242951e-01
  -4.0778347e-01   9.1873093e-01
  -4.3125823e-01   9.1569890e-01
  -4.5300790e-01   9.1353613e-01
  -4.6990696e-01   9.1232434e-01
  -4.8132461e-01   9.1223240e-01
  -4.8809624e-01   9.1293972e-01
  -4.9189569e-01   9.1240233e-01
  -5.0097168e-01   9.1063532e-01
  -5.0743227e-01   9.1147527e-01
  -5.1465257e-01   9.1605484e-01
  -4.7717368e-01   9.2966383e-01
  -4.2274781e-01   9.4360029e-01
  -3.3319869e-01   9.6008294e-01
  -2.3858877e-01   9.7878817e-01
  -1.8206782e-01   9.9658170e-01
  -1.9465182e-01   1.0142929e+00
  -3.4513555e-01   1.0247545e+00
   6.2691847e-02   9.8413609e-01
   9.2203831e-02   9.7690559e-01
   8.0022329e-02   9.7048462e-01
   3.4797543e-02   9.6606515e-01
  -1.3903608e-02   9.6271810e-01
  -6.5068562e-02   9.6141316e-01
   3.9742804e-01   9.8845117e-01
   4.1257178e-01   9.9012691e-01
   4.0976174e-01   9.9044626e-01
   3.9041891e-01   9.9042203e-01
   3.4556502e-01   9.9061206e-01
   2.8203413e-01   9.9197437e-01
   2.3957867e-02   1.0561405e+00
   6.8622657e-01   9.2059155e-01
   5.8797923e-01   9.2028558e-01
   4.5328660e-01   9.2318745e-01
   1.4283078e+00   7.6012547e-01
   1.3604361e+00   8.9649167e-01
   1.5271391e+00   9.3935696e-01
   1.7473962e+00   9.3695189e-01
   1.9215537e+00   9.2104528e-01
   2.0265954e+00   9.0888788e-01
   2.0835864e+00   9.0170180e-01
   2.1132120e+00   8.9768211e-01
   2.1282863e+00   8.9540554e-01
   2.1357803e+00   8.9403473e-01
   2.1388275e+00   8.9319241e-01
   2.1397548e+00   8.9261063e-01
   2.1396127e+00   8.9216154e-01
   2.1388288e+00   8.9178996e-01
   2.1375770e+00   8.9147377e-01
   2.1362242e+00   8.9117018e-01
   2.1347847e+00   8.9087676e-01
   2.1333894e+00   8.9057776e-01
   2.1319333e+00   8.9028579e-01
   2.1303451e+00   8.9000941e-01
   2.1288281e+00   8.8971586e-01
   2.1272946e+00   8.8941524e-01
   2.1257366e+00   8.8910700e-01
   2.1239918e+00   8.8881600e-01
   2.1222967e+00   8.8851661e-01
   2.1206888e+00   8.8825566e-01
   2.1189239e+00   8.8805776e-01
   2.1171492e+00   8.8785843e-01
   2.1152824e+00   8.8766909e-01
   2.1134941e+00   8.8746871e-01
   2.1116718e+00   8.8728148e-01
   2.1099565e+00   8.8708374e-01
   2.1082334e+00   8.8688673e-01
   2.1063576e+00   8.8670532e-01
   2.1045163e+00   8.8651900e-01
   2.1028461e+00   8.8631120e-01
   2.1010782e+00   8.8611440e-01
   2.0992304e+00   8.8592656e-01
   2.0974549e+00   8.8572781e-01
   2.0956572e+00   8.8553050e-01
   2.0938712e+00   8.8533084e-01
   2.0919441e+00   8.8514625e-01
   2.0902135e+00   8.8493801e-01
   2.0883358e+00   8.8474552e-01
   2.0865316e+00   8.8454325e-01
   2.0846455e+00   8.8435049e-01
   2.0828352e+00   8.8414685e-01
   2.0810019e+00   8.8394404e-01
   2.0789996e+00   8.8376028e-01
   2.0770867e+00   8.8356488e-01
   2.0888550e+00   8.8186715e-01
   2.1115421e+00   8.7902167e-01
   2.1912783e+00   8.6987802e-01
   2.1427370e+00   8.7547898e-01
   2.1052383e+00   8.7936045e-01
   2.0039177e+00   8.9069451e-01
   1.9177114e+00   9.0006625e-01
   1.8457536e+00   9.0752224e-01
   1.7858462e+00   9.1337291e-01
   1.7354699e+00   9.1789962e-01
   1.6931741e+00   9.2034068e-01
   1.6563081e+00   9.2203830e-01
   1.6234311e+00   9.2319524e-01
   1.5935785e+00   9.2394147e-01
   1.5658260e+00   9.2438939e-01
   1.5397426e+00   9.2459811e-01
   1.5147363e+00   9.2462759e-01
   8.4119866e-01   4.4295264e-01
   8.4621025e-01   4.4281657e-01
   8.5116035e-01   4.4271275e-01
   8.5604773e-01   4.4263887e-01
   8.6089059e-01   4.4258917e-01
   8.6565944e-01   4.4256178e-01
   8.7036431e-01   4.4254806e-01
   8.7501487e-01   4.4254708e-01
   8.7960334e-01   4.4255925e-01
   8.8413872e-01   4.4258298e-01
   8.8860263e-01   4.4261690e-01
   8.9300356e-01   4.4265773e-01
   8.9886958e-01   4.4153381e-01
   9.0315600e-01   4.3949741e-01
   9.0229743e-01   4.3749626e-01
  -1.4454871e+00   7.0961775e-01
  -1.4429250e+00   7.0774821e-01
  -1.4245884e+00   7.0046575e-01
  -6.7892959e-01   4.5661021e-01
  -7.7140120e-01   4.7988685e-01
  -1.3202778e+00   6.6085167e-01
  -1.2857915e+00   6.4573264e-01
  -1.2539790e+00   6.3215291e-01
  -1.2269358e+00   6.2088136e-01
  -1.1931850e+00   6.0918825e-01
  -1.1692003e+00   6.0143890e-01
  -1.1523181e+00   5.9703293e-01
  -1.1369377e+00   5.9531090e-01
  -1.1242435e+00   5.9646200e-01
  -1.1078026e+00   5.9833100e-01
  -9.3605420e-01   6.9940862e-01
  -9.5763268e-01   6.7802584e-01
  -9.6830411e-01   6.5787576e-01
  -9.6499529e-01   6.4001553e-01
  -9.5094203e-01   6.2432163e-01
  -1.9449808e-02   5.1951432e-01
   8.9328017e-02   4.6230067e-01
   8.1278320e-04   4.5785400e-01
  -4.6598595e-02   4.5472427e-01
  -7.6121741e-02   4.5151662e-01
  -1.0468808e-01   4.4824164e-01
  -1.3223418e-01   4.4484348e-01
  -1.5937083e-01   4.4166683e-01
  -1.8633675e-01   4.3885936e-01
  -2.0907040e-01   4.3710427e-01
  -2.2902893e-01   4.3816860e-01
  -2.5077240e-01   4.4072622e-01
  -2.7117943e-01   4.4410641e-01
  -2.9250607e-01   4.4788901e-01
  -3.1484195e-01   4.5209841e-01
  -3.3751752e-01   4.5645980e-01
  -3.6805344e-01   4.6072911e-01
  -4.0492666e-01   4.6526480e-01
  -4.3689622e-01   4.7180017e-01
  -4.8588990e-01   4.8334143e-01
  -5.5708958e-01   5.0071681e-01
  -6.4042024e-01   5.2189101e-01
  -7.3668341e-01   5.4721039e-01
  -8.1656229e-01   5.7123624e-01
  -8.6579659e-01   5.9266746e-01
  -8.9338748e-01   6.0965053e-01
  -9.0060120e-01   6.2234043e-01
  -8.9056010e-01   6.3144257e-01
  -8.6616868e-01   6.3805575e-01
  -8.1192928e-01   6.4165765e-01
   2.5677681e-01   5.8547663e-01
   3.0498985e-01   5.9168258e-01
   3.5161491e-01   5.9886560e-01
   3.9763936e-01   6.0678530e-01
   4.4374643e-01   6.1524141e-01
   4.9030275e-01   6.2408013e-01
   5.3738487e-01   6.3318813e-01
   5.8658535e-01   6.4253639e-01
   6.3893344e-01   6.5212232e-01
   7.0340845e-01   6.6149549e-01
   7.6628291e-01   6.7096340e-01
   8.3884925e-01   6.8026236e-01
   9.4485638e-01   6.8879746e-01
   1.0676731e+00   6.9663532e-01
   1.2263682e+00   7.0443630e-01
   1.3635315e+00   7.1291657e-01
   1.4895107e+00   7.2081234e-01
   1.5764707e+00   7.2886612e-01
   1.6517924e+00   7.3122647e-01
   1.7023083e+00   7.2815606e-01
   1.8622660e+00   9.7555238e-01
   1.8326655e+00   9.7662031e-01
   1.8104701e+00   9.7755769e-01
   1.7768114e+00   9.7819968e-01
   1.7153716e+00   9.8170612e-01
   1.1977111e+00   8.6932632e-01
   1.0858863e+00   8.4420688e-01
   1.0251248e+00   8.3184571e-01
   9.6477533e-01   8.1224894e-01
   9.3085278e-01   7.8847058e-01
   9.6609277e-01   7.5435528e-01
   1.0186281e+00   7.2805868e-01
   1.0500521e+00   7.1325049e-01
   1.1082005e+00   6.9470424e-01
   1.1854297e+00   6.7609692e-01
   1.1903840e+00   6.7598370e-01
   1.2056815e+00   6.7487191e-01
   1.2272283e+00   6.7362659e-01
   1.3171578e+00   6.6128245e-01
   1.4057167e+00   6.5167030e-01
   1.4390559e+00   6.5140691e-01
   1.4189814e+00   6.5836635e-01
   1.3678944e+00   6.6949167e-01
   1.3089496e+00   6.8293870e-01
   1.2356743e+00   6.9925808e-01
   1.1486192e+00   7.1832398e-01
   1.0503850e+00   7.3958356e-01
   9.4111290e-01   7.6410349e-01
   8.2677520e-01   7.8958608e-01
   7.1670132e-01   8.1368225e-01
   6.1011820e-01   8.3710110e-01
  -3.3007654e-01   1.0363240e+00
  -3.2474822e-01   1.0360375e+00
  -3.1769342e-01   1.0354467e+00
  -3.4519659e-01   1.0390715e+00
  -3.3118865e-01   1.0389703e+00
  -3.1496126e-01   1.0395677e+00
  -2.9994657e-01   1.0398689e+00
   4.3281081e-01   8.8572797e-01
   3.3529379e-01   8.7165555e-01
   1.7163328e-01   8.5149254e-01
   5.6297679e-01   4.8416926e-01
   5.1755075e-01   4.8074421e-01
   4.9456681e-01   4.7923652e-01
   4.9463779e-01   4.7973026e-01
   5.1344975e-01   4.8165260e-01
   5.3737926e-01   4.8368103e-01
   5.6126169e-01   4.8557384e-01
   5.8195128e-01   4.8792519e-01
   5.9635362e-01   4.9146888e-01
   5.9593076e-01   4.9678850e-01
   5.7306967e-01   5.0555735e-01
   5.2612510e-01   5.1941442e-01
   4.5810646e-01   5.3781988e-01
   3.7613827e-01   5.5848839e-01
   3.1170955e-01   5.7594800e-01
   3.7411837e-01   7.0394242e-01
   3.5931148e-01   7.1265532e-01
   3.4719168e-01   7.2094313e-01
   3.3646668e-01   7.2889647e-01
   3.2413093e-01   7.3672312e-01
   3.1552900e-01   7.4417807e-01
   7.0644312e-01   6.8594915e-01
   3.1864817e-01   7.5622096e-01
   3.3109376e-01   7.5985938e-01
   3.4793342e-01   7.6166276e-01
   3.6591554e-01   7.6218751e-01
   3.9613231e-01   7.6258941e-01
   4.6740070e-01   7.6008972e-01
   5.3434216e-01   7.5451245e-01
   6.1003006e-01   7.4665329e-01
   1.0749330e+00   6.9850753e-01
   1.0365181e+00   6.9951256e-01
   9.8355427e-01   7.0111103e-01
   9.1037557e-01   6.5035318e-01
   6.6956742e-01   6.6249871e-01
   5.0491191e-01   6.7179176e-01
   4.0589138e-01   6.7907187e-01
   3.4555490e-01   6.8681298e-01
   1.0713656e+00   5.9699232e-01
   1.0352896e+00   6.0792467e-01
   9.8146578e-01   6.2383985e-01
  -7.2559423e-01   8.9078779e-01
  -8.1164545e-01   9.0825616e-01
  -8.4086130e-01   9.1962820e-01
  -8.2948040e-01   9.2764189e-01
  -7.8948630e-01   9.3279561e-01
  -4.8819799e-01   8.9441490e-01
  -4.9004550e-01   8.9639331e-01
  -4.8937439e-01   8.9833296e-01
  -4.8615143e-01   9.0017335e-01
  -4.8036821e-01   9.0193516e-01
  -4.7206174e-01   9.0364011e-01
  -4.6130602e-01   9.0530968e-01
  -4.4694403e-01   9.0689399e-01
  -4.2901943e-01   9.0842137e-01
  -4.0529269e-01   9.0975786e-01
  -3.6329211e-01   9.1007588e-01
  -3.1954965e-01   9.1036337e-01
  -2.7446295e-01   9.1063219e-01
  -2.2850490e-01   9.1089559e-01
  -1.8110024e-01   9.1084435e-01
  -1.3518566e-01   9.1062192e-01
  -7.7512344e-02   9.0901904e-01
   4.3357797e-02   9.0159381e-01
   1.5689062e-01   8.9391395e-01
   1.6078510e-01   8.9220198e-01
  -6.3155533e-02   9.0265606e-01
  -2.2313171e-02   9.0033584e-01
   8.6996625e-03   8.9799568e-01
   3.3700054e-02   8.9446279e-01
  -5.6795319e-04   8.9309804e-01
  -1.0862984e-01   8.9136382e-01
  -3.8655678e-01   8.9186939e-01
  -4.0211211e-01   8.7702447e-01
  -1.4710634e+00   9.1408025e-01
   5.2008564e-01   8.6882881e-01
   4.4565721e-01   8.6994759e-01
   3.4310224e-01   8.6955842e-01
  -3.1402330e-01   8.4831756e-01
  -3.4527656e-01   8.5085912e-01
  -3.6626743e-01   8.5351496e-01
  -3.8416280e-01   8.5757866e-01
  -3.9373651e-01   8.6359281e-01
  -4.0812763e-01   8.6924628e-01
  -4.2985004e-01   8.7576729e-01
  -4.5889075e-01   8.8405521e-01
  -6.7525509e-01   9.7598105e-01
  -6.7978010e-01   9.7487374e-01
  -6.8130936e-01   9.7380001e-01
  -6.7851354e-01   9.7244133e-01
  -6.7246387e-01   9.7108711e-01
  -3.9275448e-01   1.0094579e+00
  -3.9344523e-01   1.0059452e+00
  -3.9489482e-01   1.0025302e+00
  -3.9520889e-01   9.9918615e-01
  -3.9422587e-01   9.9595293e-01
  -3.9178032e-01   9.9284726e-01
  -3.8812485e-01   9.8999697e-01
  -3.8296250e-01   9.8743947e-01
  -3.7736249e-01   9.8526290e-01
  -3.7486569e-01   9.8364032e-01
  -3.7486211e-01   9.8254228e-01
  -3.7827841e-01   9.8297065e-01
  -3.8171910e-01   9.8429717e-01
  -3.8317588e-01   9.8621790e-01
   7.4190965e-02   9.5989923e-01
   3.5071504e-01   9.3287620e-01
   3.2668065e-01   9.2746721e-01
   5.1358736e-01   9.2748854e-01
   5.3840486e-01   9.2675772e-01
   5.9775056e-01   9.2403779e-01
   6.5036997e-01   9.2173043e-01
   6.9461912e-01   9.1987706e-01
   7.2468603e-01   9.1856324e-01
   7.0518645e-01   9.1902485e-01
   1.8954056e-01   9.3601987e-01
   2.5159115e-01   9.3384082e-01
   3.0553896e-01   9.3169750e-01
   3.6475401e-01   9.3070864e-01
   4.8702452e-01   9.2870251e-01
   5.9195866e-01   9.2707843e-01
   6.8613591e-01   9.2552363e-01
   8.4571378e-01   9.2222966e-01
   9.8589391e-01   9.1862353e-01
   1.0862882e+00   9.1663468e-01
   1.1623173e+00   9.1509829e-01
   1.2290528e+00   9.1355589e-01
   1.2753667e+00   9.1274616e-01
   1.3165102e+00   9.1335585e-01
   1.3518365e+00   9.1386396e-01
   1.3818009e+00   9.1402921e-01
   1.3729019e+00   9.1485646e-01
   1.3627011e+00   9.1561863e-01
   1.3545628e+00   9.1633794e-01
   1.3487901e+00   9.1724454e-01
   1.3250222e+00   9.1840582e-01
   1.3103091e+00   9.2059371e-01
   1.2933246e+00   9.2341577e-01
   1.2656706e+00   9.2748647e-01
   1.2308741e+00   9.3337390e-01
   1.2061633e+00   9.4269063e-01
   1.2023793e+00   9.5564318e-01
   1.5016839e+00   9.9047598e-01
   1.3709489e+00   9.9405492e-01
   1.1751487e+00   1.0021789e+00
   8.9048747e-01   1.0163950e+00
   5.5651449e-01   1.0325938e+00
   1.3072729e+00   1.0299672e+00
   1.2948385e+00   9.5606008e-01
   1.0002279e+00   9.1773180e-01
   7.7851471e-01   9.1531373e-01
   5.3244178e-01   9.3540547e-01
   3.4939646e-01   9.8014807e-01
   2.6957421e-01   1.0365778e+00
   5.8990701e-01   1.0220909e+00
   4.8510945e-01   1.0433531e+00
   3.5124242e-01   1.0629320e+00
   2.0507609e-01   1.0791158e+00
   1.0865544e-01   1.0881280e+00
   6.5729912e-02   1.1069584e+00
   7.0934239e-02   1.1049139e+00
   7.7161754e-02   1.1028254e+00
   8.4119764e-02   1.1006979e+00
   9.0939350e-02   1.0984483e+00
   9.7576082e-02   1.0960901e+00
   1.0187837e-01   1.0933619e+00
   8.1808327e-02   1.0877391e+00
   2.4214719e-02   1.0750072e+00
  -8.7124412e-02   1.0547361e+00
  -1.7561399e-01   1.0245535e+00
  -1.1539839e-01   9.9000864e-01
  -3.8958060e-01   9.6083905e-01
  -5.9196730e-01   9.3720040e-01
  -7.0176121e-01   9.1515751e-01
  -7.2724381e-01   8.9579133e-01
  -7.2559942e-01   8.8375701e-01
  -8.7494178e-01   9.0994785e-01
  -9.1754773e-01   9.0068685e-01
  -9.5922516e-01   8.9231561e-01
  -1.0003519e+00   8.8536854e-01
  -1.0406846e+00   8.8047476e-01
  -1.0806562e+00   8.7780393e-01
  -1.1208252e+00   8.7747651e-01
  -1.1618315e+00   8.7956261e-01
  -1.2042577e+00   8.8407445e-01
  -1.2484346e+00   8.9095314e-01
  -1.3048428e+00   9.0339410e-01
  -1.3701753e+00   9.2060385e-01
  -1.4176566e+00   9.2833179e-01
  -1.4381900e+00   9.1849535e-01
  -1.4948082e+00   9.0831517e-01
  -1.5652830e+00   8.9799700e-01
  -1.6800797e+00   8.9851593e-01
  -1.7527604e+00   8.9176140e-01
  -1.9394349e+00   9.2497234e-01
  -7.1830651e-01   8.8394835e-01
  -7.3731988e-01   9.0857266e-01
  -7.3566642e-01   9.2091055e-01
  -7.1789321e-01   9.2868231e-01
  -6.9189033e-01   9.2793593e-01
  -6.6370830e-01   9.2767406e-01
  -6.3524717e-01   9.2796542e-01
  -6.0639504e-01   9.2878750e-01
  -5.7809631e-01   9.3017021e-01
  -1.5355475e+00   9.8440199e-01
  -1.6596134e+00   9.8552739e-01
  -1.7867285e+00   9.8727770e-01
  -1.9155408e+00   9.8961903e-01
  -2.0444134e+00   9.9249652e-01
  -2.1714818e+00   9.9583678e-01
  -2.2946918e+00   9.9955059e-01
  -2.4119251e+00   1.0035387e+00
  -2.5210687e+00   1.0076969e+00
  -2.6220200e+00   1.0119146e+00
  -2.7125527e+00   1.0161490e+00
  -2.7951647e+00   1.0207038e+00
  -1.7733391e+00   9.8994525e-01
  -1.6693199e+00   1.0003682e+00
  -1.6600763e+00   1.0081745e+00
  -1.7740327e+00   1.0123619e+00
  -2.9010243e+00   1.0310327e+00
  -2.9306382e+00   9.8052439e-01
  -2.7494746e+00   1.0215767e+00
  -2.0237824e+00   9.6789693e-01
  -1.0807119e+00   8.9938145e-01
  -5.1577612e-01   9.2649563e-01
  -5.6471668e-01   9.1485594e-01
  -7.4383426e-01   9.1198696e-01
  -5.7783377e-01   9.1693331e-01
  -8.7098654e-02   9.3574757e-01
   8.5202577e-02   9.9369532e-01
  -3.5493378e-01   1.1234557e+00
  -7.4468400e-02   1.1105349e+00
   1.5050099e-01   1.0962853e+00
   1.5505599e-01   1.1094712e+00
   1.7953856e-01   1.0987375e+00
   1.7883459e-01   1.0920480e+00
   1.8038153e-01   1.0893710e+00
   1.8316518e-01   1.0866138e+00
   1.8577171e-01   1.0838043e+00
   1.8818478e-01   1.0809386e+00
   1.9042429e-01   1.0780213e+00
   1.9251328e-01   1.0750563e+00
   1.9447640e-01   1.0720478e+00
   1.9634143e-01   1.0689987e+00
   1.9813689e-01   1.0659123e+00
   1.9944280e-01   1.0628716e+00
   1.9855517e-01   1.0601377e+00
   1.9727121e-01   1.0573282e+00
   1.9585151e-01   1.0544381e+00
   1.9431610e-01   1.0514658e+00
   1.9268330e-01   1.0484096e+00
   1.9097431e-01   1.0452678e+00
   1.8920684e-01   1.0420389e+00
   1.8740055e-01   1.0387216e+00
   1.8557333e-01   1.0353144e+00
   1.5770180e-01   1.0324925e+00
   4.8226501e-01   9.6561675e-01
   4.3606155e-01   9.7187304e-01
   4.4697224e-01   9.7076309e-01
   4.5365430e-01   9.6993940e-01
   4.5726161e-01   9.6879031e-01
   4.5787905e-01   9.6732835e-01
   4.5565009e-01   9.6556772e-01
   4.5077621e-01   9.6352543e-01
   4.4351376e-01   9.6122098e-01
   4.3417347e-01   9.5867669e-01
   4.2311151e-01   9.5591770e-01
   4.0637135e-01   9.5345935e-01
   3.8653999e-01   9.5096872e-01
   3.6514081e-01   9.4835157e-01
   3.8568356e-01   9.4434300e-01
   4.0517949e-01   9.4082847e-01
   4.1713153e-01   9.3800024e-01
   4.2347984e-01   9.3582044e-01
   4.2518731e-01   9.3432475e-01
   4.5328141e-01   9.3599403e-01
   5.3004773e-01   1.0453238e+00
   5.6290728e-01   1.0403861e+00
   5.9775764e-01   1.0357182e+00
   6.3432175e-01   1.0312892e+00
   6.6683760e-01   1.0268764e+00
   6.9593892e-01   1.0236941e+00
   7.2434224e-01   1.0208183e+00
   7.4135336e-01   1.0198631e+00
   7.4809417e-01   1.0204778e+00
   7.4647512e-01   1.0222994e+00
   7.3731050e-01   1.0252280e+00
   7.0884106e-01   1.0291253e+00
   6.6619695e-01   1.0335166e+00
   6.1768883e-01   1.0401349e+00
   5.9504406e-01   1.0448830e+00
   5.5574476e-01   1.0527192e+00
   5.1049582e-01   1.0626590e+00
   4.5964074e-01   1.0682158e+00
   4.2050859e-01   1.0719387e+00
   3.5287522e-01   9.5480059e-01
   3.3921957e-01   9.5807330e-01
   3.1995348e-01   9.6959859e-01
   3.1904072e-01   9.8176354e-01
   3.2619899e-01   9.8529479e-01
   3.2343797e-01   9.8275542e-01
   3.2241645e-01   9.7901487e-01
   3.2816254e-01   9.7540849e-01
   3.3125662e-01   9.7216445e-01
   3.4139969e-01   9.6964958e-01
   2.9510513e-01   1.0422896e+00
   3.2181413e-01   1.0367392e+00
   3.4957011e-01   1.0313162e+00
   3.7836646e-01   1.0260199e+00
   4.0818711e-01   1.0208485e+00
   4.3100766e-01   1.0168044e+00
   4.5382917e-01   1.0128946e+00
   4.7712924e-01   1.0090491e+00
   5.0087300e-01   1.0052650e+00
   5.0200293e-01   1.0046464e+00
   4.8674633e-01   1.0063063e+00
   4.5593723e-01   1.0102679e+00
   4.4216860e-01   1.0134254e+00
   4.0856117e-01   1.0184230e+00
   3.6239155e-01   1.0246262e+00
   4.2243347e-01   1.0311202e+00
   3.6999538e-01   1.0301332e+00
   4.0643554e-01   9.7824086e-01
   4.2908341e-01   9.7652475e-01
   4.4569370e-01   9.7547743e-01
   3.5094383e-01   1.0160816e+00
   3.9929765e-01   1.0095229e+00
   4.4990958e-01   1.0032883e+00
   5.0278219e-01   9.9739339e-01
   5.5787918e-01   9.9184813e-01
   6.1512631e-01   9.8665776e-01
   6.7441389e-01   9.8182397e-01
   7.1853890e-01   9.7911425e-01
   7.1350345e-01   9.7880405e-01
   6.8138522e-01   9.7955235e-01
   6.4285434e-01   9.8233321e-01
   5.9699750e-01   9.8774846e-01
   5.4532518e-01   9.9606928e-01
   6.4027386e-01   1.1535581e+00
   5.1601815e-01   1.0881433e+00
   4.6453750e-01   1.0600389e+00
   8.4745915e-01   8.9573842e-01
   8.2657833e-01   8.9603538e-01
   8.9781959e-01   8.9615659e-01
   9.4836633e-01   9.0243523e-01
   5.8915851e-01   1.0224720e+00
   6.3571005e-01   1.0212090e+00
   6.8177852e-01   1.0199228e+00
   7.2522385e-01   1.0222647e+00
   7.6934041e-01   1.0266939e+00
   8.1552916e-01   1.0315723e+00
   8.5981838e-01   1.0357773e+00
   8.8372473e-01   1.0341255e+00
   8.8141992e-01   1.0270654e+00
   8.5097597e-01   1.0184338e+00
   7.8706943e-01   1.0112204e+00
   4.9919853e-01   9.9658205e-01
   4.6096115e-01   9.7153420e-01
   4.7344782e-01   9.7644512e-01
   3.8950318e-01   9.8664142e-01
   2.4366767e-01   9.9977283e-01
   6.0502717e-02   1.0253934e+00
  -1.0887604e-01   1.0611722e+00
  -1.1211045e-01   1.0555418e+00
  -1.1200457e-01   1.0513310e+00
  -1.1548978e-01   1.0518839e+00
  -1.1915696e-01   1.0524625e+00
  -1.9483440e-01   1.0607473e+00
  -3.0046519e-01   1.0714459e+00
  -3.9372209e-01   1.0819545e+00
  -1.3439848e-01   1.0744469e+00
  -1.7231078e-01   1.0754163e+00
  -2.1553309e-01   1.0764060e+00
  -2.6219245e-01   1.0773897e+00
  -3.1005776e-01   1.0783355e+00
  -3.5675746e-01   1.0792095e+00
  -4.0002278e-01   1.0799790e+00
  -4.3692798e-01   1.0806119e+00
  -4.6444561e-01   1.0810917e+00
  -4.8583943e-01   1.0814347e+00
  -5.0081163e-01   1.0816379e+00
  -2.3240363e-01   1.0600578e+00
  -2.2474948e-01   1.0592070e+00
  -2.1239465e-01   1.0587172e+00
  -2.0673116e-01   1.0584654e+00
  -2.6485350e-01   1.0645759e+00
  -4.2055752e-01   1.1034679e+00
  -4.0121679e-01   1.1015579e+00
  -3.3473077e-01   1.0987313e+00
  -2.7382353e-01   1.0958776e+00
  -2.1943252e-01   1.0930094e+00
  -1.7249278e-01   1.0901344e+00
  -1.3281519e-01   1.0872515e+00
  -1.0022447e-01   1.0843570e+00
  -8.6279821e-02   1.0814890e+00
  -8.0723668e-02   1.0785457e+00
  -7.7092166e-02   1.0754922e+00
  -7.5617791e-02   1.0723274e+00
  -7.6205422e-02   1.0690501e+00
  -7.8749077e-02   1.0656603e+00
  -8.3134445e-02   1.0621590e+00
  -8.9525908e-02   1.0585461e+00
  -1.0050185e-01   1.0547939e+00
  -1.1177127e-01   1.0509465e+00
  -1.2318528e-01   1.0470201e+00
  -1.3459183e-01   1.0430348e+00
  -1.4654975e-01   1.0390291e+00
  -1.6281419e-01   1.0350411e+00
  -1.8205288e-01   1.0310862e+00
  -2.0198759e-01   1.0271929e+00
  -2.2027403e-01   1.0233810e+00
  -2.3750781e-01   1.0196813e+00
  -2.4329168e-01   1.0162884e+00
  -2.3037836e-01   1.0132657e+00
  -2.1856580e-01   1.0102728e+00
  -2.0613020e-01   1.0075131e+00
   4.2687135e-01   9.7233091e-01
   4.1094505e-01   9.7191153e-01
   3.9320297e-01   9.7176286e-01
   3.7379529e-01   9.7164127e-01
   3.4911757e-01   9.7155983e-01
   3.1876387e-01   9.7155673e-01
   2.8232479e-01   9.7167464e-01
  -1.6626666e-01   9.6647703e-01
  -2.2654437e-01   9.6528856e-01
  -2.8079743e-01   9.6432743e-01
  -3.2839835e-01   9.6360343e-01
  -3.7267817e-01   9.6333959e-01
  -4.3355705e-01   9.6452940e-01
  -4.1450371e-01   9.6380623e-01
  -1.7323674e-01   9.5666528e-01
   4.3860424e-01   9.3796340e-01
   9.0304274e-01   9.2476380e-01
   1.1601733e+00   9.1915306e-01
   1.2532941e+00   9.1896379e-01
   1.2465680e+00   9.2194170e-01
   1.1768400e+00   9.2583979e-01
   1.0729841e+00   9.2979797e-01
   9.5025632e-01   9.3391841e-01
   8.1088700e-01   9.4024335e-01
   6.8278789e-01   9.4757189e-01
   5.6013401e-01   9.5710196e-01
   6.0497133e-01   8.7587134e-01
   3.1084525e-01   8.9173577e-01
   1.7111600e-01   9.0449900e-01
   1.2663925e-01   9.1778417e-01
   1.5851710e-01   9.2510817e-01
   2.6813997e-01   9.2950971e-01
   4.3096894e-01   9.3165153e-01
  -3.5798303e-01   1.0695485e+00
  -3.0625493e-01   1.0712340e+00
  -2.8194987e-01   1.0696250e+00
  -2.7603197e-01   1.0667046e+00
  -2.7648632e-01   1.0647337e+00
  -2.7847226e-01   1.0633207e+00
  -2.8112152e-01   1.0619646e+00
  -2.8428496e-01   1.0606135e+00
  -2.6456779e-01   1.0604576e+00
  -2.4494730e-01   1.0600326e+00
  -2.2553515e-01   1.0595156e+00
   3.9728122e-01   9.8000110e-01
   4.4933636e-01   9.8019483e-01
   4.9168344e-01   9.8026475e-01
   5.2269182e-01   9.8025052e-01
   5.4087000e-01   9.8018558e-01
   5.4508425e-01   9.8009480e-01
   5.3482395e-01   9.7999203e-01
   2.2617854e-01   9.7999055e-01
   7.7975757e-01   9.7760004e-01
   7.8186133e-01   9.7500680e-01
   7.8319020e-01   9.7197759e-01
   7.8265035e-01   9.6810603e-01
   7.8237656e-01   9.6408245e-01
   7.8266730e-01   9.5997670e-01
   7.8381628e-01   9.5586350e-01
   7.8593821e-01   9.5175803e-01
   7.8913962e-01   9.4767507e-01
   7.9351358e-01   9.4362950e-01
   7.9889344e-01   9.3964155e-01
   8.0756317e-01   9.3591969e-01
   8.2187781e-01   9.3319565e-01
   8.3889646e-01   9.3112973e-01
   8.5760286e-01   9.2929156e-01
   8.7757307e-01   9.2754055e-01
   8.9862553e-01   9.2588294e-01
   9.1851339e-01   9.2301397e-01
   9.2285773e-01   9.1911139e-01
   9.0625109e-01   9.1553063e-01
   8.8182123e-01   9.1183154e-01
   8.6732189e-01   9.0931366e-01
   8.4585431e-01   9.0696508e-01
   8.5277457e-01   9.0436496e-01
   8.8601754e-01   9.0161046e-01
   9.1109906e-01   8.9914927e-01
   9.7761545e-01   8.9620038e-01
   1.0666490e+00   8.9435560e-01
   1.1679011e+00   8.9431421e-01
   1.2477594e+00   8.9561002e-01
   9.9872225e-01   8.9944366e-01
   1.0396299e+00   9.0500567e-01
   1.0571473e+00   9.1053935e-01
   1.0491177e+00   9.1630113e-01
   9.8821868e-01   9.2329728e-01
   7.7515381e-01   9.3159231e-01
   8.3209560e-01   9.0450853e-01
   8.8540177e-01   8.8490726e-01
   8.7562002e-01   8.8325694e-01
   8.1248090e-01   8.9791927e-01
   6.9193588e-01   9.3707387e-01
   3.1389777e-01   1.0795057e+00
   3.1202940e-01   1.0819885e+00
   3.0036319e-01   1.0802351e+00
   3.0750471e-01   1.0783441e+00
   3.2620840e-01   1.0765822e+00
   3.4323445e-01   1.0746737e+00
   3.5878091e-01   1.0726132e+00
   3.7261643e-01   1.0704371e+00
   3.8473526e-01   1.0681607e+00
   3.8942585e-01   1.0661613e+00
   3.9204085e-01   1.0641074e+00
   3.9309137e-01   1.0619752e+00
   3.9259593e-01   1.0597723e+00
   3.9058234e-01   1.0575058e+00
   3.8708560e-01   1.0551824e+00
   3.8214763e-01   1.0528086e+00
   3.7570259e-01   1.0503593e+00
   3.6738320e-01   1.0476564e+00
   3.5822182e-01   1.0449187e+00
   3.4827723e-01   1.0421514e+00
   3.3761023e-01   1.0393593e+00
   3.2538139e-01   1.0365923e+00
   3.1217715e-01   1.0338257e+00
   3.0080494e-01   1.0308977e+00
   2.8954147e-01   1.0279702e+00
   2.8397808e-01   1.0248995e+00
   2.8530919e-01   1.0213111e+00
  -1.3318808e-01   9.7403453e-01
  -9.1727178e-02   9.7017601e-01
  -4.2046331e-02   9.6397099e-01
   2.0473528e-02   9.5831524e-01
   7.6237879e-02   9.5355555e-01
  -7.9565242e-01   9.9372263e-01
  -7.8722094e-01   9.8810918e-01
  -7.7817089e-01   9.8449157e-01
  -7.7573601e-01   9.8302798e-01
  -7.7380556e-01   9.8232872e-01
  -7.7014573e-01   9.8196460e-01
  -7.6570494e-01   9.8200017e-01
  -7.6178883e-01   9.8256882e-01
  -7.6089790e-01   9.8386092e-01
  -7.5901638e-01   9.8555414e-01
  -7.5698556e-01   9.8764774e-01
  -7.5712484e-01   9.8999576e-01
  -7.5559101e-01   9.9207646e-01
  -7.4618165e-01   9.9325120e-01
  -7.2866681e-01   9.9299814e-01
  -6.8568808e-01   9.9101447e-01
  -6.3853768e-01   9.8912709e-01
  -5.6918078e-01   9.8310522e-01
  -4.7864409e-01   9.7653990e-01
  -4.5654483e-01   9.7411169e-01
  -4.2628069e-01   9.7215432e-01
  -3.4765711e-01   9.6899708e-01
  -3.4377574e-01   9.7049029e-01
  -3.4841512e-01   9.7148277e-01
  -3.8973269e-01   9.7297931e-01
  -4.6674947e-01   9.7605715e-01
  -5.4294898e-01   9.8083475e-01
  -6.1728930e-01   9.8378102e-01
  -7.1075897e-01   9.8746236e-01
  -8.0776790e-01   9.9071623e-01
  -8.9782289e-01   9.9288581e-01
  -9.8815315e-01   9.9590214e-01
  -1.0177792e+00   9.9441600e-01
  -1.0053235e+00   9.8914608e-01
  -9.1218559e-01   9.8035148e-01
  -7.3940966e-01   9.6416964e-01
  -1.4995716e+00   9.4067475e-01
  -1.3905062e+00   9.4099870e-01
  -1.1184978e+00   9.2187973e-01
  -9.1659646e-01   9.0498227e-01
  -7.4744303e-01   8.9222377e-01
  -4.7491097e-01   9.9689603e-01
  -5.0994341e-01   9.5806300e-01
  -5.3129516e-01   9.4542307e-01
  -5.9025061e-01   9.4167170e-01
  -6.4894675e-01   9.3778328e-01
  -7.0795546e-01   9.3382787e-01
  -7.6596203e-01   9.2889379e-01
  -8.2355648e-01   9.2357253e-01
  -8.8108912e-01   9.1824934e-01
  -9.3836549e-01   9.1294293e-01
  -9.9519574e-01   9.0767296e-01
  -1.0510180e+00   9.0231630e-01
  -1.2235852e+00   9.2676697e-01
  -1.3510022e+00   9.4981397e-01
  -1.4732365e+00   9.7443697e-01
  -1.5707613e+00   9.9862522e-01
  -1.6292126e+00   1.0206856e+00
  -1.6438016e+00   1.0395979e+00
  -1.6225771e+00   1.0521269e+00
  -1.6114128e+00   1.0461736e+00
  -1.2970607e+00   8.3574790e-01
  -1.2119232e+00   8.2970647e-01
  -1.0805649e+00   8.3504004e-01
  -9.7468091e-01   8.4305529e-01
  -8.2978291e-01   8.6220248e-01
  -7.0942481e-01   8.9064655e-01
  -3.0213885e-01   1.0643824e+00
  -3.7683842e-01   1.0567812e+00
  -4.5959590e-01   1.0404701e+00
  -4.4679897e-01   1.0420839e+00
  -4.3807034e-01   1.0416838e+00
  -4.2907879e-01   1.0402275e+00
  -4.2046907e-01   1.0387239e+00
  -4.1254514e-01   1.0371717e+00
  -4.0544649e-01   1.0355738e+00
  -3.9834413e-01   1.0338752e+00
  -3.9115117e-01   1.0320671e+00
  -3.8685757e-01   1.0305415e+00
  -3.8692389e-01   1.0294301e+00
  -3.8906574e-01   1.0282958e+00
  -3.9337359e-01   1.0271381e+00
  -3.9988005e-01   1.0259558e+00
  -4.0854242e-01   1.0247464e+00
  -3.6913282e-01   1.0200145e+00
   5.2685422e-01   8.7090253e-01
   4.9799076e-01   8.7326394e-01
   4.5112110e-01   8.7697930e-01
   3.9899146e-01   8.8078368e-01
   3.4977847e-01   9.3828824e-01
   2.8969175e-01   9.3728677e-01
   2.4325666e-01   9.3612798e-01
   2.1779809e-01   9.3476758e-01
   8.0859127e-01   9.2365748e-01
   8.4384376e-01   9.2143595e-01
   8.8320495e-01   9.2010335e-01
   9.2801529e-01   9.1955557e-01
   9.7754393e-01   9.1933234e-01
   1.0313964e+00   9.1942026e-01
   1.0891203e+00   9.1980143e-01
   1.1502189e+00   9.2045407e-01
   1.2121844e+00   9.2165512e-01
   1.2704459e+00   9.2363860e-01
   1.3219720e+00   9.2586835e-01
   1.3561431e+00   9.2812321e-01
   1.3155889e+00   9.2929730e-01
   9.1873286e-01   9.1572282e-01
   9.0051255e-01   9.0283717e-01
   8.8448517e-01   8.9928478e-01
   8.7692703e-01   9.0225750e-01
   8.7174803e-01   9.1061614e-01
   8.2293519e-01   9.2936338e-01
   3.9914147e-01   1.1006598e+00
   4.4317732e-01   1.0831626e+00
   4.6273423e-01   1.0601500e+00
   4.3763219e-01   1.0389257e+00
   4.1847994e-01   1.0208732e+00
   4.2276584e-01   1.0074368e+00
   4.4715202e-01   1.0022522e+00
   8.6542572e-02   9.4853322e-01
  -2.8375872e-02   9.4646197e-01
  -1.1700200e-01   9.4386704e-01
  -1.4740832e-01   9.4018687e-01
  -1.7400008e-01   9.3651964e-01
  -1.9639679e-01   9.3289527e-01
  -2.0355538e-01   9.2933143e-01
  -2.0724958e-01   9.2590823e-01
  -2.0940798e-01   9.2267392e-01
  -1.9759249e-01   9.1954057e-01
  -1.8274342e-01   9.1667649e-01
  -4.8148355e-01   9.6369045e-01
  -5.0733119e-01   9.5845213e-01
  -5.2052409e-01   9.5309184e-01
  -5.2997493e-01   9.4790376e-01
  -5.3741559e-01   9.4311119e-01
  -5.3955132e-01   9.3879125e-01
  -5.3575162e-01   9.3501431e-01
  -5.2634258e-01   9.3187276e-01
  -5.1203058e-01   9.2946511e-01
  -4.9396207e-01   9.2789721e-01
  -4.7377772e-01   9.2728411e-01
  -4.5377450e-01   9.2781111e-01
  -4.3534552e-01   9.2962203e-01
  -4.2162213e-01   9.3274862e-01
  -4.1671732e-01   9.3735732e-01
  -4.2419052e-01   9.4356330e-01
  -4.2966549e-01   9.4856977e-01
  -4.2026342e-01   9.5009473e-01
  -3.9214136e-01   9.4551126e-01
  -3.6616258e-01   9.3929174e-01
  -3.5272573e-01   9.4042708e-01
  -3.3752081e-01   9.4460106e-01
  -3.2504690e-01   9.5418827e-01
  -3.4074557e-01   9.6709853e-01
  -4.0372028e-01   9.8033134e-01
  -5.0608093e-01   9.9149118e-01
  -6.1956782e-01   9.9882564e-01
  -7.2900570e-01   1.0006184e+00
  -7.8407397e-01   9.9639609e-01
  -7.8181592e-01   9.8836519e-01
  -7.5184577e-01   9.7899544e-01
  -7.7518093e-01   9.7316783e-01
  -1.1523584e+00   9.6346045e-01
  -1.3000518e+00   9.6124351e-01
  -1.4124218e+00   9.5841726e-01
  -1.4953932e+00   9.5536712e-01
  -1.0978848e+00   9.4100016e-01
  -9.3990044e-01   9.3471162e-01
  -7.7766449e-01   9.2930206e-01
  -6.7278630e-01   9.2656977e-01
  -6.1177974e-01   9.2458207e-01
  -5.8847503e-01   9.2461075e-01
  -2.3276942e-01   9.7389613e-01
  -2.6659103e-01   9.7466088e-01
  -3.0496831e-01   9.8085833e-01
  -3.5284581e-01   9.8828807e-01
  -3.9034673e-01   9.9276097e-01
  -4.0922139e-01   9.9673111e-01
  -4.4832321e-01   1.0114675e+00
  -4.8786340e-02   1.0523333e+00
  -1.1977574e-01   1.0559665e+00
  -1.3382798e-01   1.0526277e+00
   2.9074568e-02   1.0469138e+00
   2.3947540e-02   1.0408571e+00
   1.7646477e-02   1.0346046e+00
   1.0210212e-02   1.0281585e+00
   1.6687636e-03   1.0215276e+00
   1.4724525e-03   1.0143480e+00
   2.7016988e-02   1.0059015e+00
   5.3748396e-02   9.9720569e-01
   7.9969729e-02   9.8840384e-01
   1.1877364e-01   9.8024000e-01
   1.8165672e-01   9.7338643e-01
   2.5192127e-01   9.6707063e-01
   3.3599178e-01   9.6176760e-01
   4.1837001e-01   9.5667020e-01
   4.9837268e-01   9.5179918e-01
   5.7572693e-01   9.4713300e-01
   6.5292702e-01   9.4297737e-01
   7.2785027e-01   9.3931512e-01
   7.9738231e-01   9.3604832e-01
   8.5984974e-01   9.3320920e-01
   9.1395751e-01   9.3084552e-01
   9.5832416e-01   9.2900950e-01
   9.9150482e-01   9.2775681e-01
   1.0107007e+00   9.2739661e-01
   9.9025074e-01   9.2833974e-01
   9.5409359e-01   9.2922273e-01
   9.3756971e-01   9.2999043e-01
   9.4823731e-01   9.3011285e-01
   9.5977004e-01   9.2974686e-01
   9.7435891e-01   9.3022853e-01
   9.9467804e-01   9.3078412e-01
   1.0060320e+00   9.3157103e-01
   1.0255193e+00   9.3246823e-01
   1.0458522e+00   9.3258313e-01
   1.0661243e+00   9.3290130e-01
   1.0906850e+00   9.3277060e-01
   1.1311642e+00   9.3111169e-01
   1.1749741e+00   9.2995058e-01
   1.2365361e+00   9.2813889e-01
   1.3161626e+00   9.2588850e-01
   1.3609797e+00   9.2549991e-01
   1.3918301e+00   9.2559607e-01
   1.4208027e+00   9.2650794e-01
   1.4400570e+00   9.3052707e-01
   1.4758230e+00   9.4231752e-01
   1.4941056e+00   9.5728265e-01
   1.6644665e+00   9.8117377e-01
   1.7094605e+00   9.9974564e-01
   1.5532963e+00   1.0230666e+00
   1.3828041e+00   1.0753064e+00
   1.3295964e+00   1.2120354e+00
   1.7077494e+00   1.0461645e+00
   1.4098235e+00   9.8640180e-01
   1.0100614e+00   9.8571575e-01
   7.4350230e-01   9.9028413e-01
   6.7649457e-01   1.0006831e+00
  -7.7613983e-02   1.1153772e+00
   4.7813062e-01   1.0837155e+00
   3.4826771e-01   1.0969124e+00
   1.0713315e-01   1.1164276e+00
  -1.9864400e-01   1.1266128e+00
  -2.3929613e-01   1.1268183e+00
  -2.5189836e-01   1.1271958e+00
  -2.6481565e-01   1.1277343e+00
  -2.7681403e-01   1.1283753e+00
  -2.8697383e-01   1.1290378e+00
  -2.9466322e-01   1.1297046e+00
  -1.6496838e-01   1.1073210e+00
  -1.6746792e-01   1.1056584e+00
  -1.7077389e-01   1.1035604e+00
  -1.7334696e-01   1.1015682e+00
  -1.7465696e-01   1.0996534e+00
  -1.7111991e-01   1.0975133e+00
  -1.5430949e-01   1.0942815e+00
  -1.3779947e-01   1.0909311e+00
  -1.2049114e-01   1.0875422e+00
  -1.0162376e-01   1.0841269e+00
  -8.3254419e-02   1.0809505e+00
  -7.4011808e-02   1.0786980e+00
  -6.5422534e-02   1.0764005e+00
  -5.7533043e-02   1.0740575e+00
  -5.0383976e-02   1.0716689e+00
  -4.4009974e-02   1.0692345e+00
  -4.5097137e-02   1.0666119e+00
  -4.6820132e-02   1.0636909e+00
  -4.9437079e-02   1.0607250e+00
  -5.2938467e-02   1.0577114e+00
  -4.8734631e-02   1.0546104e+00
  -3.4254106e-02   1.0513693e+00
  -2.0287575e-02   1.0480155e+00
  -6.8303225e-03   1.0445442e+00
   8.7685767e-01   9.5098293e-01
   9.0742236e-01   9.4866020e-01
   9.3281780e-01   9.4641947e-01
   9.4646096e-01   9.4438833e-01
   9.5629566e-01   9.4233246e-01
   9.4519680e-01   9.4331684e-01
   9.2381741e-01   9.4438190e-01
   8.9323535e-01   9.4539796e-01
   7.5232102e-01   9.4777893e-01
   6.6824536e-01   9.7635702e-01
   6.9587229e-01   9.7254436e-01
   7.2857511e-01   9.6858115e-01
   7.6275282e-01   9.6458649e-01
   7.9645052e-01   9.6060209e-01
   8.2956593e-01   9.5667827e-01
   8.6206850e-01   9.5284052e-01
   8.9396419e-01   9.4910789e-01
   9.2601376e-01   9.4552749e-01
   9.5991408e-01   9.4224923e-01
   9.9426309e-01   9.3943446e-01
   1.0249524e+00   9.3707444e-01
   1.0485046e+00   9.3512741e-01
   1.0620027e+00   9.3357459e-01
   1.0676072e+00   9.3246072e-01
   1.1191160e+00   9.3028731e-01
   1.1677051e+00   9.2843921e-01
   1.2133038e+00   9.2696942e-01
   1.2557921e+00   9.2631419e-01
   1.2923385e+00   9.2653583e-01
   1.3093492e+00   9.2826760e-01
   1.2966135e+00   9.3161655e-01
   1.2189705e+00   9.3500330e-01
   1.1521352e+00   9.4058007e-01
   1.0931547e+00   9.4753019e-01
   1.1198472e+00   9.4532486e-01
   1.1109021e+00   9.4214830e-01
   1.0838021e+00   9.3882575e-01
   8.8626941e-01   9.2955609e-01
   8.2777813e-01   9.2641878e-01
   8.5354401e-01   9.2678468e-01
   8.9501196e-01   9.2808851e-01
   9.4920762e-01   9.2911746e-01
   8.7987266e-01   9.5028115e-01
   8.4411544e-01   9.5478698e-01
   1.1332856e+00   8.9563136e-01
   1.0354557e+00   8.9990627e-01
   9.1458851e-01   9.1196286e-01
   7.8025302e-01   9.3049610e-01
   2.6346302e-01   1.0195804e+00
   1.0932655e-01   1.0734861e+00
   6.7053591e-03   1.0729294e+00
  -1.3648799e-02   1.0709517e+00
   3.9003528e-02   1.0674241e+00
   8.6790428e-02   1.0639700e+00
   1.2821467e-01   1.0606710e+00
   1.6152631e-01   1.0576492e+00
   1.9098274e-01   1.0546569e+00
   2.3541345e-01   1.0514200e+00
   2.8589498e-01   1.0476197e+00
   3.1337549e-01   1.0437747e+00
   3.2643316e-01   1.0398231e+00
   3.2915877e-01   1.0354890e+00
   3.3642181e-01   1.0300828e+00
   3.4732796e-01   1.0246687e+00
   3.5504657e-01   1.0211978e+00
   3.6065980e-01   1.0176742e+00
   3.6388344e-01   1.0149966e+00
   3.6515575e-01   1.0122133e+00
   3.6470073e-01   1.0093282e+00
   3.6336042e-01   1.0062569e+00
   3.9123708e-01   1.0013297e+00
   4.1578316e-01   9.9657611e-01
   1.3672074e-01   9.5149663e-01
   1.4871523e-01   9.5086674e-01
   1.6433975e-01   9.5010127e-01
   1.8241074e-01   9.4920217e-01
   2.0220754e-01   9.4829004e-01
   2.2357774e-01   9.4742286e-01
   2.5324405e-01   9.4636410e-01
   2.9443611e-01   9.4500318e-01
   3.6653690e-01   9.4252456e-01
   5.2724747e-01   9.3658844e-01
  -3.9869649e-01   9.6663462e-01
  -2.1394849e-01   9.6016763e-01
  -7.5636755e-03   9.5337297e-01
   1.8288526e-01   9.4749369e-01
   3.2727399e-01   9.4323768e-01
   3.9360967e-01   9.4153339e-01
   3.4169152e-01   9.4335689e-01
   2.4179600e-02   9.5341848e-01
  -1.2224632e+00   9.6711678e-01
  -1.2157882e+00   9.6578048e-01
  -1.2039687e+00   9.6445361e-01
  -1.1669413e+00   9.6229940e-01
  -1.0704394e+00   9.5659954e-01
  -6.8458212e-01   8.9332642e-01
  -6.3886968e-01   8.9172181e-01
  -6.0964352e-01   8.9163311e-01
  -5.8026624e-01   8.9333717e-01
  -5.4771314e-01   8.9703666e-01
  -5.1611506e-01   9.0404145e-01
  -2.2031380e-01   1.0039668e+00
  -2.2798341e-01   1.0025547e+00
  -2.3707601e-01   1.0019803e+00
  -2.4418968e-01   1.0017894e+00
  -2.5022025e-01   1.0016784e+00
  -2.5622464e-01   1.0012812e+00
  -2.6288479e-01   1.0005047e+00
  -2.6704314e-01   9.9973363e-01
  -2.7197658e-01   9.9946707e-01
  -2.7881382e-01   9.9975124e-01
  -2.7834553e-01   1.0004721e+00
   7.6998918e-02   9.8449747e-01
   2.4797958e-02   9.8636511e-01
  -3.0580017e-02   9.8828916e-01
  -9.0160990e-02   9.9067454e-01
  -1.5180067e-01   9.9315092e-01
  -2.0569865e-01   9.9316781e-01
  -4.4903564e-01   9.6720780e-01
  -3.7719959e-01   9.6466441e-01
  -3.0432771e-01   9.6245532e-01
  -2.3415313e-01   9.6068606e-01
  -1.6532099e-01   9.5927805e-01
  -1.0141058e-01   9.5839322e-01
  -2.0946825e-02   9.5734673e-01
   6.9798481e-02   9.5652510e-01
   1.5250225e-01   9.5641048e-01
   2.4664383e-01   9.5621588e-01
   3.5566150e-01   9.5567462e-01
   4.7164621e-01   9.5461837e-01
   5.5929035e-01   9.5405619e-01
   6.6714790e-01   9.5224049e-01
   7.2992102e-01   9.5147109e-01
   7.4139378e-01   9.5384559e-01
   7.1323598e-01   9.5761944e-01
   6.6225032e-01   9.6176493e-01
   6.0409735e-01   9.6508708e-01
   5.4828667e-01   9.6762168e-01
   5.1060273e-01   9.6892323e-01
   5.0460833e-01   9.6855643e-01
   5.4600178e-01   9.6586804e-01
   6.1450998e-01   9.6287028e-01
   6.3157512e-01   9.6202193e-01
   6.8367165e-01   9.5928842e-01
   7.8711333e-01   9.5443092e-01
   9.3442592e-01   9.4855446e-01
   9.8310671e-01   9.4580265e-01
   1.0456267e+00   9.4398647e-01
   1.1486025e+00   9.4678308e-01
   1.2475394e+00   9.5770119e-01
   1.4098908e+00   9.8484384e-01
   2.0928108e+00   1.0549229e+00
   1.9108193e+00   1.0605218e+00
   1.6644726e+00   1.0435902e+00
   1.2014409e+00   1.0930699e+00
   1.9171720e+00   1.1777507e+00
   1.9391211e+00   1.1116327e+00
   1.8652639e+00   1.0658158e+00
   1.0616321e+00   9.6998429e-01
   4.3641452e-01   9.3108252e-01
   1.2434899e-01   9.5665122e-01
   2.7293389e-02   9.9430931e-01
   2.6598507e-02   1.0020469e+00
   4.1676893e-02   9.9800521e-01
   5.4210856e-02   9.9434649e-01
   6.7182046e-02   9.9064932e-01
   8.0609989e-02   9.8690841e-01
   9.4519811e-02   9.8312367e-01
   1.0893589e-01   9.7929770e-01
   1.0862256e-01   9.7636245e-01
   1.0807922e-01   9.7349907e-01
   1.0807060e-01   9.7067448e-01
   1.0865973e-01   9.6789792e-01
   1.0888019e-01   9.6526302e-01
   1.0747566e-01   9.6270586e-01
   1.0615364e-01   9.6015310e-01
   1.0557631e-01   9.5767056e-01
   1.0579562e-01   9.5526470e-01
   1.0685857e-01   9.5294256e-01
   1.0965661e-01   9.5098304e-01
   1.1411415e-01   9.4923803e-01
   1.1986084e-01   9.4760644e-01
   1.2691281e-01   9.4609709e-01
   9.8772807e-02   9.5020032e-01
  -3.2771270e-02   9.8187141e-01
   8.6006274e-02   1.1280014e+00
   1.2109756e-02   1.1153791e+00
  -4.0429782e-02   1.0983803e+00
  -3.9576060e-02   1.0810277e+00
   1.3067169e-02   1.0590428e+00
   7.7409625e-02   1.0245855e+00
  -2.2654622e-01   9.4864073e-01
  -9.4295460e-02   9.2855709e-01
  -1.2121469e-01   9.2039564e-01
  -3.3345275e-01   9.2427108e-01
  -4.7743164e-01   9.3033127e-01
  -5.7595753e-01   9.3468956e-01
  -6.3744072e-01   9.3750808e-01
  -3.9893539e-01   9.2818760e-01
  -4.2126343e-01   9.2412730e-01
  -4.3805619e-01   9.2071101e-01
  -4.4937484e-01   9.1803663e-01
  -4.5619240e-01   9.1621440e-01
  -4.5883204e-01   9.1530869e-01
  -4.5875354e-01   9.1543897e-01
  -4.5617671e-01   9.1664772e-01
  -4.5242157e-01   9.1898889e-01
  -4.4921948e-01   9.2272880e-01
  -4.4975392e-01   9.2908714e-01
  -4.5928015e-01   9.3709607e-01
  -4.8163204e-01   9.4681066e-01
  -5.1579406e-01   9.5645660e-01
  -5.5008822e-01   9.6355604e-01
  -5.7369892e-01   9.6600962e-01
  -5.9528931e-01   9.6508530e-01
  -6.3303095e-01   9.6514351e-01
  -6.7168865e-01   9.6345299e-01
  -7.1259868e-01   9.5974529e-01
  -7.5602092e-01   9.5407094e-01
  -8.0259916e-01   9.5038376e-01
  -9.0687050e-01   9.4992306e-01
  -1.4443615e+00   9.6979406e-01
  -1.2164721e+00   9.6465284e-01
  -8.6999636e-01   9.1641770e-01
  -9.1750114e-01   9.7503714e-01
  -5.8751735e-01   9.5211949e-01
  -3.1313406e-01   9.3081997e-01
  -1.5392852e-01   9.3006131e-01
   1.6940783e-02   9.2653240e-01
   1.0312029e-01   9.2399272e-01
   7.4086540e-02   9.2238408e-01
  -3.8316599e-01   9.4673422e-01
  -3.4877164e-01   9.5270841e-01
  -2.4954596e-01   9.5402532e-01
  -2.6349087e-01   9.5193696e-01
  -2.8390295e-01   9.5079076e-01
  -3.1311322e-01   9.5107505e-01
  -3.5390471e-01   9.5239425e-01
  -4.0041249e-01   9.5242782e-01
  -4.5303858e-01   9.5346155e-01
  -4.9895836e-01   9.5156362e-01
  -5.1224953e-01   9.3913726e-01
  -5.2563663e-01   9.2464355e-01
  -7.0666279e-01   9.0529724e-01
  -7.7616209e-01   9.0556239e-01
  -5.5153793e-01   9.1764244e-01
  -1.9558069e-01   9.4380131e-01
  -4.4983418e-01   1.1278373e+00
  -4.4142487e-01   1.1294212e+00
  -8.7342299e-02   1.1082213e+00
   8.0901930e-02   1.0908797e+00
   1.4729857e-01   1.0736740e+00
   1.6806741e-01   1.0649676e+00
   1.7281523e-01   1.0618708e+00
   1.7749240e-01   1.0587538e+00
   1.8143784e-01   1.0559293e+00
   1.8484495e-01   1.0530259e+00
   1.8773926e-01   1.0500407e+00
   1.9015280e-01   1.0469710e+00
   1.9211630e-01   1.0438137e+00
   1.9366405e-01   1.0405659e+00
   1.9482985e-01   1.0372248e+00
   1.9564564e-01   1.0337880e+00
   3.5785103e-01   9.5846033e-01
   3.3750042e-01   9.6828028e-01
   3.3911925e-01   9.6904851e-01
   3.5457921e-01   9.6865010e-01
   3.6921972e-01   9.6780139e-01
   3.8071476e-01   9.6662553e-01
   3.8912376e-01   9.6513573e-01
   3.9457259e-01   9.6334732e-01
   3.9725015e-01   9.6127799e-01
   3.9740363e-01   9.5894865e-01
   3.9533739e-01   9.5638303e-01
   3.8671792e-01   9.5402853e-01
   3.7449719e-01   9.5159295e-01
   3.5822858e-01   9.4915517e-01
   3.4184478e-01   9.4659973e-01
   3.8359645e-01   9.4211256e-01
   4.1338388e-01   9.3856111e-01
   4.3354595e-01   9.3587965e-01
   4.4510486e-01   9.3413756e-01
   4.5215200e-01   9.3308126e-01
   5.2676199e-01   1.0333947e+00
   5.6103980e-01   1.0291368e+00
   5.9540317e-01   1.0248326e+00
   6.2968194e-01   1.0205134e+00
   6.6446037e-01   1.0165622e+00
   6.8130647e-01   1.0156685e+00
   6.7787104e-01   1.0175877e+00
   6.5992034e-01   1.0215328e+00
   6.1636232e-01   1.0267298e+00
   5.2453951e-01   1.0384293e+00
   4.6605363e-01   1.0486535e+00
   4.1038297e-01   9.5343228e-01
   3.5567121e-01   9.4989513e-01
   3.3452885e-01   9.5789167e-01
   3.3785508e-01   9.6854668e-01
   3.3164883e-01   9.7842752e-01
   3.1798575e-01   9.8784516e-01
   3.1539547e-01   9.8860545e-01
   3.2000926e-01   9.8520576e-01
   3.2433730e-01   9.8165577e-01
   3.2872592e-01   9.7796610e-01
   3.5327632e-01   9.7358648e-01
   3.7708438e-01   9.6925620e-01
   3.8735746e-01   9.6564614e-01
   4.1092344e-01   9.6215617e-01
   4.3160813e-01   9.5930142e-01
   3.5604441e-01   1.0238290e+00
   3.8169967e-01   1.0196583e+00
   4.0784448e-01   1.0155494e+00
   4.3310525e-01   1.0116995e+00
   4.4068977e-01   1.0104569e+00
   4.3645232e-01   1.0108661e+00
   4.1421037e-01   1.0134397e+00
   3.7775813e-01   1.0174717e+00
   3.6288242e-01   1.0189961e+00
   3.4772929e-01   1.0205449e+00
   3.3602297e-01   1.0213180e+00
   3.3738464e-01   1.0202024e+00
   3.5276050e-01   1.0173762e+00
   3.7988913e-01   1.0132958e+00
   4.1051581e-01   1.0090112e+00
   4.4289335e-01   1.0047321e+00
   4.7966114e-01   1.0007008e+00
   5.1787429e-01   9.9679951e-01
   5.5685876e-01   9.9299760e-01
   5.9651345e-01   9.8928945e-01
   6.2375423e-01   9.8705627e-01
   6.2481719e-01   9.8737921e-01
   6.0659302e-01   9.8806454e-01
   6.5377567e-01   9.8795873e-01
   5.4503340e-01   9.8900937e-01
   4.8180653e-01   9.9101325e-01
   4.3954522e-01   9.9345933e-01
   6.3135319e-01   9.4497814e-01
   6.9716971e-01   8.9942812e-01
   6.3237560e-01   8.9655885e-01
   6.0361660e-01   8.9345397e-01
   6.0920701e-01   8.9078154e-01
   6.6348275e-01   8.8860508e-01
   7.6572446e-01   8.8551379e-01
   8.4181862e-01   8.8451787e-01
   4.5743389e-01   1.0661368e+00
   4.9697015e-01   1.0710174e+00
   5.3880383e-01   1.0762411e+00
   6.4629186e-01   1.1285881e+00
   6.7784354e-01   1.1310929e+00
   6.1895034e-01   1.0568876e+00
   6.1902872e-01   1.0314478e+00
   6.1724812e-01   1.0081951e+00
   5.9192188e-01   9.9713669e-01
   8.5688174e-01   8.9584045e-01
   6.9132745e-01   9.0520620e-01
   5.3861930e-01   9.6080905e-01
   2.6884204e-01   9.3302430e-01
   2.7533208e-01   9.4195373e-01
   2.7789461e-01   9.4803443e-01
   2.8683854e-01   9.5283184e-01
   3.1004735e-01   9.5596743e-01
   3.3929905e-01   9.5560546e-01
   3.7211658e-01   9.5262684e-01
   4.0749142e-01   9.4653650e-01
   4.4319032e-01   9.3678530e-01
   2.6051745e-01   7.2693069e-01
   2.0919470e-01   7.1846187e-01
   1.4754394e-01   7.0669869e-01
   7.5862724e-02   6.9295960e-01
   2.0944443e-03   6.7959815e-01
  -7.0587263e-02   6.6617604e-01
  -1.3919099e-01   6.5204502e-01
  -1.9988310e-01   6.3644164e-01
  -2.4865750e-01   6.1857338e-01
  -2.8221382e-01   5.9780504e-01
  -2.9934056e-01   5.7395098e-01
  -3.0228694e-01   5.4756300e-01
  -2.8428220e-01   5.1164971e-01
  -2.7239706e-01   4.7854205e-01
  -2.8313149e-01   4.5841253e-01
